1250000,8609639591261,2,4,0,3,1,1,0,0,0,0,0
1250001,8577477458383,5,4,0,6,5,0,0,0,0,0,0
1250002,8313613285703,4,4,0,5,2,2,0,0,0,0,0
1250003,8894818742213,4,4,0,5,2,2,0,0,0,0,0
1250004,8522643530490,0,4,0,1,0,0,0,0,0,0,0
1250005,8627626537901,4,4,0,5,2,2,0,0,0,0,0
1250006,8544769850118,1,4,0,2,1,0,0,0,0,0,0
1250007,8548162596670,1,4,0,2,0,1,0,0,0,0,0
1250008,8522578508066,0,4,0,1,0,0,0,0,0,0,0
1250009,8522562252537,0,4,0,1,0,0,0,0,0,0,0
1250010,8522545997040,0,4,0,1,0,0,0,0,0,0,0
1250011,8597528146330,1,4,0,2,0,1,0,0,0,0,0
1250012,8584151728703,2,4,0,3,0,2,0,0,0,0,0
1250013,8587975723542,3,4,0,4,3,0,0,0,0,0,0
1250014,8577242797375,5,4,0,6,5,0,0,0,0,0,0
1250015,8578565929908,3,4,0,4,2,1,0,0,0,0,0
1250016,8525568090761,5,4,0,6,4,1,0,0,0,0,0
1250017,8678432802915,3,4,0,4,0,3,0,0,0,0,0
1250018,8569318398828,5,4,0,6,5,0,0,0,0,0,0
1250019,8630558739585,4,4,0,5,3,1,0,0,0,0,0
1250020,8574542400182,2,4,0,3,2,0,0,0,0,0,0
1250021,8646230579592,2,4,0,3,0,2,0,0,0,0,0
1250022,8640928329353,2,4,0,3,1,1,0,0,0,0,0
1250023,8552335400567,1,4,0,2,1,0,0,0,0,0,0
1250024,8522319145502,0,4,0,1,0,0,0,0,0,0,0
1250025,8621161792550,4,4,0,5,4,0,0,0,0,0,0
1250026,8610918712310,4,4,0,5,4,0,0,0,0,0,0
1250027,8546132874100,1,4,0,2,0,1,0,0,0,0,0
1250028,8591175315423,2,4,0,3,1,1,0,0,0,0,0
1250029,8622237947250,1,4,0,2,1,0,0,0,0,0,0
1250030,8566537329685,2,4,0,3,2,0,0,0,0,0,0
1250031,8544363213917,1,4,0,2,1,0,0,0,0,0,0
1250032,8546051357924,1,4,0,2,0,1,0,0,0,0,0
1250033,8522172927920,0,4,0,1,0,0,0,0,0,0,0
1250034,8644314322770,2,4,0,3,1,1,0,0,0,0,0
1250035,8522140418441,0,4,0,1,0,0,0,0,0,0,0
1250036,8544281728828,1,4,0,2,0,1,0,0,0,0,0
1250037,8522107909087,0,4,0,1,0,0,0,0,0,0,0
1250038,8612425998249,3,4,0,4,1,2,0,0,0,0,0
1250039,8622075399856,1,4,0,2,0,1,0,0,0,0,0
1250040,8522059145287,0,4,0,1,0,0,0,0,0,0,0
1250041,8522042890749,0,4,0,1,0,0,0,0,0,0,0
1250042,8522026636242,0,4,0,1,0,0,0,0,0,0,0
1250043,8544167651017,1,4,0,2,1,0,0,0,0,0,0
1250044,8521994127322,0,4,0,1,0,0,0,0,0,0,0
1250045,8570538849393,5,4,0,6,5,0,0,0,0,0,0
1250046,8610590433847,4,4,0,5,3,1,0,0,0,0,0
1250047,8628326177493,5,4,0,6,3,2,0,0,0,0,0
1250048,8620783963561,3,4,0,4,1,2,0,0,0,0,0
1250049,8544070199950,1,4,0,2,1,0,0,0,0,0,0
1250050,8544053861607,1,4,0,2,1,0,0,0,0,0,0
1250051,8521880633214,0,4,0,1,0,0,0,0,0,0,0
1250052,8576404415049,1,4,0,2,0,1,0,0,0,0,0
1250053,8521848124851,0,4,0,1,0,0,0,0,0,0,0
1250054,8543988675827,1,4,0,2,1,0,0,0,0,0,0
1250055,8521815616611,0,4,0,1,0,0,0,0,0,0,0
1250056,8610426244934,4,4,0,5,4,0,0,0,0,0,0
1250057,8605296901522,3,4,0,4,2,1,0,0,0,0,0
1250058,8624462902429,3,4,0,4,3,0,0,0,0,0,0
1250059,8575999487115,5,4,0,6,5,0,0,0,0,0,0
1250060,8608656437280,3,4,0,4,3,0,0,0,0,0,0
1250061,8610344407512,4,4,0,5,4,0,0,0,0,0,0
1250062,8575950438989,5,4,0,6,5,0,0,0,0,0,0
1250063,8610931826578,3,4,0,4,2,1,0,0,0,0,0
1250064,8612126811145,2,4,0,3,1,1,0,0,0,0,0
1250065,8620504950527,3,4,0,4,2,1,0,0,0,0,0
1250066,8610262547040,4,4,0,5,4,0,0,0,0,0,0
1250067,8576561578692,5,4,0,6,5,0,0,0,0,0,0
1250068,8624584516042,4,4,0,5,3,1,0,0,0,0,0
1250069,8608508814676,2,4,0,3,1,1,0,0,0,0,0
1250070,7994097783674,2,4,0,3,2,0,0,0,0,0,0
1250071,8526318772843,4,4,0,5,1,3,0,0,0,0,0
1250072,8483211797561,2,4,0,3,1,1,0,0,0,0,0
1250073,8620375419316,2,4,0,3,1,1,0,0,0,0,0
1250074,8297552301096,1,4,0,2,0,1,0,0,0,0,0
1250075,8608413494019,2,4,0,3,2,0,0,0,0,0,0
1250076,8635477079411,4,4,0,5,1,3,0,0,0,0,0
1250077,8608381070359,2,4,0,3,2,0,0,0,0,0,0
1250078,8297490550505,1,4,0,2,0,1,0,0,0,0,0
1250079,7994596422465,2,4,0,3,2,0,0,0,0,0,0
1250080,8601309509218,2,4,0,3,0,2,0,0,0,0,0
1250081,8575668862741,5,4,0,6,5,0,0,0,0,0,0
1250082,8571795832168,5,4,0,6,5,0,0,0,0,0,0
1250083,8577767067229,5,4,0,6,5,0,0,0,0,0,0
1250084,8577795399922,5,4,0,6,5,0,0,0,0,0,0
1250085,8347585139609,5,4,0,6,5,0,0,0,0,0,0
1250086,8365718375094,4,4,0,5,4,0,0,0,0,0,0
1250087,8569834659634,5,4,0,6,5,0,0,0,0,0,0
1250088,8577232640933,5,4,0,6,5,0,0,0,0,0,0
1250089,8177701303367,4,4,0,5,1,3,0,0,0,0,0
1250090,8570077678320,5,4,0,6,5,0,0,0,0,0,0
1250091,8575437261695,5,4,0,6,5,0,0,0,0,0,0
1250092,8527480373728,1,4,0,2,0,1,0,0,0,0,0
1250093,8609826680628,1,4,0,2,0,1,0,0,0,0,0
1250094,8467920813042,4,4,0,5,1,3,0,0,0,0,0
1250095,8618315448914,2,4,0,3,1,1,0,0,0,0,0
1250096,8516491882590,5,4,0,6,4,1,0,0,0,0,0
1250097,8609761880137,4,4,0,5,4,0,0,0,0,0,0
1250098,8575417673939,5,4,0,6,5,0,0,0,0,0,0
1250099,8576001165037,5,4,0,6,5,0,0,0,0,0,0
1250100,8617306170352,4,4,0,5,2,2,0,0,0,0,0
1250101,8618217019297,2,4,0,3,0,2,0,0,0,0,0
1250102,8621609119330,4,4,0,5,2,2,0,0,0,0,0
1250103,8609663252362,4,4,0,5,4,0,0,0,0,0,0
1250104,8578016045194,5,4,0,6,5,0,0,0,0,0,0
1250105,8578965182715,5,4,0,6,5,0,0,0,0,0,0
1250106,8968286136067,5,4,0,6,5,0,0,0,0,0,0
1250107,8780979349791,4,4,0,5,2,2,0,0,0,0,0
1250108,8346430013929,4,4,0,5,4,0,0,0,0,0,0
1250109,8577866842171,5,4,0,6,5,0,0,0,0,0,0
1250110,8612958306948,4,4,0,5,3,1,0,0,0,0,0
1250111,8539247360643,4,4,0,5,1,3,0,0,0,0,0
1250112,8636898944260,4,4,0,5,2,2,0,0,0,0,0
1250113,8618021081223,2,4,0,3,0,2,0,0,0,0,0
1250114,8706866439641,4,4,0,5,2,2,0,0,0,0,0
1250115,8574327338886,5,4,0,6,5,0,0,0,0,0,0
1250116,8575700538480,5,4,0,6,5,0,0,0,0,0,0
1250117,8609434993811,4,4,0,5,4,0,0,0,0,0,0
1250118,8534673314264,5,4,0,6,3,2,0,0,0,0,0
1250119,8598474272067,4,4,0,5,0,4,0,0,0,0,0
1250120,8619610509660,3,4,0,4,2,1,0,0,0,0,0
1250121,8618450857607,4,4,0,5,2,2,0,0,0,0,0
1250122,8614470476077,4,4,0,5,1,3,0,0,0,0,0
1250123,8630720659172,4,4,0,5,1,3,0,0,0,0,0
1250124,8367044740805,5,4,0,6,1,4,0,0,0,0,0
1250125,8622228953261,3,4,0,4,2,1,0,0,0,0,0
1250126,8636672435034,4,4,0,5,1,3,0,0,0,0,0
1250127,8587391202654,2,4,0,3,1,1,0,0,0,0,0
1250128,8574882162487,5,4,0,6,5,0,0,0,0,0,0
1250129,8668339664744,3,4,0,4,2,1,0,0,0,0,0
1250130,8570027283003,2,4,0,3,1,1,0,0,0,0,0
1250131,8520591361182,0,4,0,1,0,0,0,0,0,0,0
1250132,8587035722051,3,4,0,4,3,0,0,0,0,0,0
1250133,8627244033681,3,4,0,4,3,0,0,0,0,0,0
1250134,8542696101333,1,4,0,2,1,0,0,0,0,0,0
1250135,8590833175961,3,4,0,4,3,0,0,0,0,0,0
1250136,8564816839820,2,4,0,3,2,0,0,0,0,0,0
1250137,8617627666357,2,4,0,3,0,2,0,0,0,0,0
1250138,8674335073445,3,4,0,4,1,2,0,0,0,0,0
1250139,8520461348143,0,4,0,1,0,0,0,0,0,0,0
1250140,8520445096653,0,4,0,1,0,0,0,0,0,0,0
1250141,8588592405954,3,4,0,4,2,1,0,0,0,0,0
1250142,8586871938756,3,4,0,4,3,0,0,0,0,0,0
1250143,8520396342368,0,4,0,1,0,0,0,0,0,0,0
1250144,8463169309344,5,4,0,6,3,2,0,0,0,0,0
1250145,8542517169192,1,4,0,2,1,0,0,0,0,0,0
1250146,8520347929653,0,4,0,1,0,0,0,0,0,0,0
1250147,8550331678379,1,4,0,2,1,0,0,0,0,0,0
1250148,8520315427136,0,4,0,1,0,0,0,0,0,0,0
1250149,8695277951664,2,4,0,3,1,1,0,0,0,0,0
1250150,8608894036163,4,4,0,5,4,0,0,0,0,0,0
1250151,8608877869513,3,4,0,4,2,1,0,0,0,0,0
1250152,8378800482154,3,4,0,4,3,0,0,0,0,0,0
1250153,8608845273065,4,4,0,5,4,0,0,0,0,0,0
1250154,8581244753742,4,4,0,5,4,0,0,0,0,0,0
1250155,8608813032908,4,4,0,5,4,0,0,0,0,0,0
1250156,8576578750576,5,4,0,6,5,0,0,0,0,0,0
1250157,8670026426283,3,4,0,4,2,1,0,0,0,0,0
1250158,8586610933904,3,4,0,4,3,0,0,0,0,0,0
1250159,8520137358131,0,4,0,1,0,0,0,0,0,0,0
1250160,8463387735135,5,4,0,6,3,2,0,0,0,0,0
1250161,8520105185640,0,4,0,1,0,0,0,0,0,0,0
1250162,8617657818383,3,4,0,4,2,1,0,0,0,0,0
1250163,8520088617227,1,4,0,2,0,1,0,0,0,0,0
1250164,8347231788184,4,4,0,5,3,1,0,0,0,0,0
1250165,8334238475416,5,4,0,6,4,1,0,0,0,0,0
1250166,8586020261233,3,4,0,4,1,2,0,0,0,0,0
1250167,8586465332981,3,4,0,4,3,0,0,0,0,0,0
1250168,8519992885052,0,4,0,1,0,0,0,0,0,0,0
1250169,8519976634455,0,4,0,1,0,0,0,0,0,0,0
1250170,8586416201603,3,4,0,4,3,0,0,0,0,0,0
1250171,8553514058071,1,4,0,2,0,1,0,0,0,0,0
1250172,8615351404334,4,4,0,5,3,1,0,0,0,0,0
1250173,8691479265217,4,4,0,5,0,4,0,0,0,0,0
1250174,8617022523398,2,4,0,3,0,2,0,0,0,0,0
1250175,8572509209331,5,4,0,6,5,0,0,0,0,0,0
1250176,8574216366338,5,4,0,6,5,0,0,0,0,0,0
1250177,8577635339514,5,4,0,6,5,0,0,0,0,0,0
1250178,8545754517695,5,4,0,6,4,1,0,0,0,0,0
1250179,8603670605531,3,4,0,4,1,2,0,0,0,0,0
1250180,8330214819535,3,4,0,4,0,3,0,0,0,0,0
1250181,8573973057873,5,4,0,6,5,0,0,0,0,0,0
1250182,8620300374489,4,4,0,5,3,1,0,0,0,0,0
1250183,8323968220148,4,4,0,5,3,1,0,0,0,0,0
1250184,8519734830661,0,4,0,1,0,0,0,0,0,0,0
1250185,8519718580556,0,4,0,1,0,0,0,0,0,0,0
1250186,8570843567212,5,4,0,6,5,0,0,0,0,0,0
1250187,8519686194147,0,4,0,1,0,0,0,0,0,0,0
1250188,8576020761333,3,4,0,4,2,1,0,0,0,0,0
1250189,8541804936518,1,4,0,2,1,0,0,0,0,0,0
1250190,8541788644578,1,4,0,2,1,0,0,0,0,0,0
1250191,8586074467617,3,4,0,4,3,0,0,0,0,0,0
1250192,8519605044917,0,4,0,1,0,0,0,0,0,0,0
1250193,8563890741268,2,4,0,3,1,1,0,0,0,0,0
1250194,8569723476101,2,4,0,3,1,1,0,0,0,0,0
1250195,7987308423493,2,4,0,3,1,1,0,0,0,0,0
1250196,8563843000588,2,4,0,3,2,0,0,0,0,0,0
1250197,8541675865511,1,4,0,2,1,0,0,0,0,0,0
1250198,8519508808414,0,4,0,1,0,0,0,0,0,0,0
1250199,8519492558740,0,4,0,1,0,0,0,0,0,0,0
1250200,8608079031670,3,4,0,4,2,1,0,0,0,0,0
1250201,8570453474315,3,4,0,4,1,2,0,0,0,0,0
1250202,8615599688829,4,4,0,5,2,2,0,0,0,0,0
1250203,8541578309482,1,4,0,2,1,0,0,0,0,0,0
1250204,8541561933512,1,4,0,2,1,0,0,0,0,0,0
1250205,8519395172082,0,4,0,1,0,0,0,0,0,0,0
1250206,8547378922626,1,4,0,2,0,1,0,0,0,0,0
1250207,8519362673200,0,4,0,1,0,0,0,0,0,0,0
1250208,8541496766747,1,4,0,2,1,0,0,0,0,0,0
1250209,8614077207233,2,4,0,3,1,1,0,0,0,0,0
1250210,8619614441993,4,4,0,5,2,2,0,0,0,0,0
1250211,8607898667338,4,4,0,5,0,4,0,0,0,0,0
1250212,8604474728236,1,4,0,2,0,1,0,0,0,0,0
1250213,8607865957590,4,4,0,5,0,4,0,0,0,0,0
1250214,8623626252198,4,4,0,5,3,1,0,0,0,0,0
1250215,8534050921024,5,4,0,6,0,5,0,0,0,0,0
1250216,8534125544298,5,4,0,6,0,5,0,0,0,0,0
1250217,8534230101299,5,4,0,6,0,5,0,0,0,0,0
1250218,7935422259747,3,4,0,4,1,2,0,0,0,0,0
1250219,8627770118110,5,4,1,5,4,0,0,0,0,0,0
1250220,8574648909781,3,4,0,4,2,1,0,0,0,0,0
1250221,8607737722227,4,4,0,5,4,0,0,0,0,0,0
1250222,8607721473262,4,4,0,5,4,0,0,0,0,0,0
1250223,8607704807080,4,4,0,5,3,1,0,0,0,0,0
1250224,8620806065746,4,4,0,5,3,1,0,0,0,0,0
1250225,8557665171385,5,4,0,6,5,0,0,0,0,0,0
1250226,8570098601726,5,4,0,6,5,0,0,0,0,0,0
1250227,8605934325660,2,4,0,3,1,1,0,0,0,0,0
1250228,8573186703676,5,4,0,6,5,0,0,0,0,0,0
1250229,8609310810589,4,4,0,5,3,1,0,0,0,0,0
1250230,8611440117774,4,4,0,5,4,0,0,0,0,0,0
1250231,8573139012611,5,4,0,6,5,0,0,0,0,0,0
1250232,8607559247009,4,4,0,5,4,0,0,0,0,0,0
1250233,8549327160717,5,4,0,6,4,1,0,0,0,0,0
1250234,8607526437917,4,4,0,5,4,0,0,0,0,0,0
1250235,8607509060343,4,4,0,5,4,0,0,0,0,0,0
1250236,8331847748619,4,4,0,5,3,1,0,0,0,0,0
1250237,8571645460024,5,4,0,6,5,0,0,0,0,0,0
1250238,8573209926025,5,4,0,6,5,0,0,0,0,0,0
1250239,8412885493336,4,4,0,5,3,1,0,0,0,0,0
1250240,8611279848083,4,4,0,5,4,0,0,0,0,0,0
1250241,8573851293878,5,4,0,6,5,0,0,0,0,0,0
1250242,8607396163631,4,4,0,5,4,0,0,0,0,0,0
1250243,8576140137007,5,4,0,6,5,0,0,0,0,0,0
1250244,8575333217323,5,4,0,6,5,0,0,0,0,0,0
1250245,8576893038993,5,4,0,6,5,0,0,0,0,0,0
1250246,8607328245168,4,4,0,5,1,3,0,0,0,0,0
1250247,8615830704392,2,4,0,3,0,2,0,0,0,0,0
1250248,8561714489347,5,4,0,6,4,1,0,0,0,0,0
1250249,8607279335204,4,4,0,5,4,0,0,0,0,0,0
1250250,8571196685730,5,4,0,6,5,0,0,0,0,0,0
1250251,8607248375128,4,4,0,5,4,0,0,0,0,0,0
1250252,8576102631795,5,4,0,6,5,0,0,0,0,0,0
1250253,8607215729069,4,4,0,5,4,0,0,0,0,0,0
1250254,8585462351473,3,4,0,4,3,0,0,0,0,0,0
1250255,8576841589129,5,4,0,6,5,0,0,0,0,0,0
1250256,8616128525823,4,4,0,5,2,2,0,0,0,0,0
1250257,8598665770832,1,4,0,2,0,1,0,0,0,0,0
1250258,8475050894059,5,4,0,6,4,1,0,0,0,0,0
1250259,8583909935781,3,4,0,4,3,0,0,0,0,0,0
1250260,8521149366317,3,4,0,4,1,2,0,0,0,0,0
1250261,8569384511474,3,4,0,4,1,2,0,0,0,0,0
1250262,8605363533678,2,4,0,3,1,1,0,0,0,0,0
1250263,8583865542199,3,4,0,4,3,0,0,0,0,0,0
1250264,8583849460537,3,4,0,4,3,0,0,0,0,0,0
1250265,7991384051400,2,4,0,3,2,0,0,0,0,0,0
1250266,8605299961714,2,4,0,3,2,0,0,0,0,0,0
1250267,8583822740302,3,4,0,4,3,0,0,0,0,0,0
1250268,8577606367009,3,4,0,4,2,1,0,0,0,0,0
1250269,8606954313889,4,4,0,5,4,0,0,0,0,0,0
1250270,8564709722053,5,4,0,6,4,1,0,0,0,0,0
1250271,8634330054065,4,4,0,5,1,3,0,0,0,0,0
1250272,8585674749234,2,4,0,3,1,1,0,0,0,0,0
1250273,8606888267690,4,4,0,5,4,0,0,0,0,0,0
1250274,8572439249993,5,4,0,6,5,0,0,0,0,0,0
1250275,8572538612772,5,4,0,6,5,0,0,0,0,0,0
1250276,8572522285040,5,4,0,6,5,0,0,0,0,0,0
1250277,8606825063184,4,4,0,5,4,0,0,0,0,0,0
1250278,8575951271248,5,4,0,6,5,0,0,0,0,0,0
1250279,8615309974852,4,4,0,5,0,4,0,0,0,0,0
1250280,8606775458225,4,4,0,5,4,0,0,0,0,0,0
1250281,8613193837447,2,4,0,3,1,1,0,0,0,0,0
1250282,8608447904641,3,4,0,4,2,1,0,0,0,0,0
1250283,8615242905925,2,4,0,3,2,0,0,0,0,0,0
1250284,8571579792545,5,4,0,6,5,0,0,0,0,0,0
1250285,8572329477225,5,4,0,6,5,0,0,0,0,0,0
1250286,8572405871689,5,4,0,6,5,0,0,0,0,0,0
1250287,8573972284301,5,4,0,6,5,0,0,0,0,0,0
1250288,8606643073423,4,4,0,5,4,0,0,0,0,0,0
1250289,8576285085729,5,4,0,6,5,0,0,0,0,0,0
1250290,8606614707964,4,4,0,5,4,0,0,0,0,0,0
1250291,8572761778927,5,4,0,6,5,0,0,0,0,0,0
1250292,8569689636173,5,4,0,6,5,0,0,0,0,0,0
1250293,8569057232693,5,4,0,6,5,0,0,0,0,0,0
1250294,8577364957078,5,4,0,6,5,0,0,0,0,0,0
1250295,8617752992224,5,4,0,6,5,0,0,0,0,0,0
1250296,8034612315897,2,4,0,3,0,2,0,0,0,0,0
1250297,8622060000622,5,4,0,6,5,0,0,0,0,0,0
1250298,8616455192761,5,4,0,6,4,1,0,0,0,0,0
1250299,8709613845948,5,4,0,6,3,2,0,0,0,0,0
1250300,8580876782631,1,4,0,2,0,1,0,0,0,0,0
1250301,8620020937254,5,4,0,6,5,0,0,0,0,0,0
1250302,8589832112770,4,4,0,5,3,1,0,0,0,0,0
1250303,8577163594383,5,4,0,6,3,2,0,0,0,0,0
1250304,8612260951609,5,4,0,6,0,5,0,0,0,0,0
1250305,8600449514604,4,4,0,5,0,4,0,0,0,0,0
1250306,8620649275874,5,4,0,6,5,0,0,0,0,0,0
1250307,8615000366050,5,4,0,6,0,5,0,0,0,0,0
1250308,8600400315898,4,4,0,5,0,4,0,0,0,0,0
1250309,8615452622871,5,4,0,6,0,5,0,0,0,0,0
1250310,8698088794508,5,4,0,6,4,1,0,0,0,0,0
1250311,8615543431291,5,4,0,6,0,5,0,0,0,0,0
1250312,8600335187741,4,4,0,5,2,2,0,0,0,0,0
1250313,8608267627337,2,4,0,3,2,0,0,0,0,0,0
1250314,8620925614788,5,4,0,6,5,0,0,0,0,0,0
1250315,8600096808959,4,4,0,5,4,0,0,0,0,0,0
1250316,8620243319058,5,4,0,6,5,0,0,0,0,0,0
1250317,8620465548696,5,4,0,6,5,0,0,0,0,0,0
1250318,8620685152172,5,4,0,6,5,0,0,0,0,0,0
1250319,8298798023801,6,4,0,7,6,0,0,0,0,0,0
1250320,8298067853059,6,4,0,7,6,0,0,0,0,0,0
1250321,8620126170470,5,4,0,6,5,0,0,0,0,0,0
1250322,8547505788279,3,4,0,4,0,3,0,0,0,0,0
1250323,8590668017914,4,4,0,5,2,2,0,0,0,0,0
1250324,8616979139264,2,4,0,3,0,2,0,0,0,0,0
1250325,8614904225290,5,4,0,6,0,5,0,0,0,0,0
1250326,8616658183493,5,4,0,6,1,4,0,0,0,0,0
1250327,8312421326222,4,4,0,5,3,1,0,0,0,0,0
1250328,8302680972130,6,4,0,7,6,0,0,0,0,0,0
1250329,8304653297646,6,4,0,7,6,0,0,0,0,0,0
1250330,8306580587917,6,4,0,7,6,0,0,0,0,0,0
1250331,8306688200829,6,4,0,7,6,0,0,0,0,0,0
1250332,8549067461489,4,4,0,5,3,1,0,0,0,0,0
1250333,8298569092940,6,4,0,7,6,0,0,0,0,0,0
1250334,8302228263737,6,4,0,7,6,0,0,0,0,0,0
1250335,8302539972131,6,4,0,7,6,0,0,0,0,0,0
1250336,8599379363196,4,4,0,5,3,1,0,0,0,0,0
1250337,8706974776484,4,4,0,5,1,3,0,0,0,0,0
1250338,8635380558106,5,4,0,6,5,0,0,0,0,0,0
1250339,8618213111145,3,4,0,4,2,1,0,0,0,0,0
1250340,8298429998562,6,4,0,7,6,0,0,0,0,0,0
1250341,8619593573164,5,4,0,6,5,0,0,0,0,0,0
1250342,8306219149607,6,4,0,7,6,0,0,0,0,0,0
1250343,8619732157607,5,4,0,6,5,0,0,0,0,0,0
1250344,8620685152482,5,4,0,6,5,0,0,0,0,0,0
1250345,8586926117703,5,4,0,6,0,5,0,0,0,0,0
1250346,8226856800544,6,4,0,7,5,1,0,0,0,0,0
1250347,8614105059937,5,4,0,6,3,2,0,0,0,0,0
1250348,8615010976983,5,4,0,6,0,5,0,0,0,0,0
1250349,8598998972354,4,4,0,5,0,4,0,0,0,0,0
1250350,8615002578442,5,4,0,6,0,5,0,0,0,0,0
1250351,8598966490832,4,4,0,5,0,4,0,0,0,0,0
1250352,8615006091317,5,4,0,6,0,5,0,0,0,0,0
1250353,8598917880617,5,4,0,6,3,2,0,0,0,0,0
1250354,8520022120210,3,4,0,4,0,3,0,0,0,0,0
1250355,8614889752769,5,4,0,6,0,5,0,0,0,0,0
1250356,8614983037865,5,4,0,6,0,5,0,0,0,0,0
1250357,8609447834931,5,4,0,6,0,5,0,0,0,0,0
1250358,8618099191236,5,4,0,6,4,1,0,0,0,0,0
1250359,8304828078563,3,4,0,4,0,3,0,0,0,0,0
1250360,8301750895852,4,4,0,5,2,2,0,0,0,0,0
1250361,8303258894540,6,4,0,7,6,0,0,0,0,0,0
1250362,8704865726476,4,4,0,5,3,1,0,0,0,0,0
1250363,8615187598403,5,4,0,6,0,5,0,0,0,0,0
1250364,8619116522428,5,4,0,6,4,1,0,0,0,0,0
1250365,8619141789085,5,4,0,6,5,0,0,0,0,0,0
1250366,8461619119264,5,4,0,6,4,1,0,0,0,0,0
1250367,8307499132922,6,4,0,7,6,0,0,0,0,0,0
1250368,8558000504526,3,4,0,4,2,1,0,0,0,0,0
1250369,8615440836458,5,4,0,6,0,5,0,0,0,0,0
1250370,8618623359728,5,4,0,6,3,2,0,0,0,0,0
1250371,8552249841928,4,4,0,5,3,1,0,0,0,0,0
1250372,8554409832536,4,4,0,5,4,0,0,0,0,0,0
1250373,8614007860390,4,4,0,5,2,2,0,0,0,0,0
1250374,8618701395701,5,4,0,6,5,0,0,0,0,0,0
1250375,8618701166359,5,4,0,6,5,0,0,0,0,0,0
1250376,8320215351864,6,4,0,7,6,0,0,0,0,0,0
1250377,8334579915725,6,4,0,7,6,0,0,0,0,0,0
1250378,8359358702300,6,4,0,7,6,0,0,0,0,0,0
1250379,8326770956433,6,4,0,7,5,1,0,0,0,0,0
1250380,8375977131413,6,4,0,7,6,0,0,0,0,0,0
1250381,8616901612556,5,4,0,6,5,0,0,0,0,0,0
1250382,8638644724591,5,4,0,6,1,4,0,0,0,0,0
1250383,8617691482478,5,4,0,6,5,0,0,0,0,0,0
1250384,8613530507587,2,4,0,3,2,0,0,0,0,0,0
1250385,8617442838576,5,4,0,6,5,0,0,0,0,0,0
1250386,8630537710761,4,4,0,5,0,4,0,0,0,0,0
1250387,8586260600334,3,4,0,4,2,1,0,0,0,0,0
1250388,8019305886170,6,4,0,7,5,1,0,0,0,0,0
1250389,8391874650133,6,4,0,7,6,0,0,0,0,0,0
1250390,8618768347905,5,4,0,6,5,0,0,0,0,0,0
1250391,8389456187767,6,4,0,7,6,0,0,0,0,0,0
1250392,8410977243875,6,4,0,7,4,2,0,0,0,0,0
1250393,8391764591072,6,4,0,7,6,0,0,0,0,0,0
1250394,8338061254481,6,4,0,7,5,1,0,0,0,0,0
1250395,8614892126032,3,4,0,4,1,2,0,0,0,0,0
1250396,8617955666183,5,4,0,6,4,1,0,0,0,0,0
1250397,8594934505382,2,4,0,3,2,0,0,0,0,0,0
1250398,8605603642965,3,4,0,4,3,0,0,0,0,0,0
1250399,8616366853031,5,4,0,6,5,0,0,0,0,0,0
1250400,8616349963625,5,4,0,6,5,0,0,0,0,0,0
1250401,8616334592325,5,4,0,6,5,0,0,0,0,0,0
1250402,8333187184505,6,4,0,7,5,1,0,0,0,0,0
1250403,9101510098466,5,4,0,6,2,3,0,0,0,0,0
1250404,8616348719514,5,4,0,6,5,0,0,0,0,0,0
1250405,8616262732376,5,4,0,6,0,5,0,0,0,0,0
1250406,8378050294290,5,4,0,6,4,1,0,0,0,0,0
1250407,8550646100723,5,4,0,6,3,2,0,0,0,0,0
1250408,8616220775781,5,4,0,6,5,0,0,0,0,0,0
1250409,8583694388785,3,4,0,4,2,1,0,0,0,0,0
1250410,8616183231428,5,4,0,6,5,0,0,0,0,0,0
1250411,8369855708249,6,4,0,7,5,1,0,0,0,0,0
1250412,8592654880085,5,4,0,6,4,1,0,0,0,0,0
1250413,8614590910175,4,4,0,5,3,1,0,0,0,0,0
1250414,8311153536825,3,4,0,4,1,2,0,0,0,0,0
1250415,8545418204318,3,4,0,4,2,1,0,0,0,0,0
1250416,8592718264277,3,4,0,4,2,1,0,0,0,0,0
1250417,8604354459324,3,4,0,4,2,1,0,0,0,0,0
1250418,8601953030428,3,4,0,4,2,1,0,0,0,0,0
1250419,8229888744533,2,4,0,3,1,1,0,0,0,0,0
1250420,8161532245618,2,4,0,3,0,2,0,0,0,0,0
1250421,8603676422197,2,4,0,3,2,0,0,0,0,0,0
1250422,8637101800713,5,4,0,6,0,5,0,0,0,0,0
1250423,8603651353158,2,4,0,3,2,0,0,0,0,0,0
1250424,8621276842850,3,4,0,4,3,0,0,0,0,0,0
1250425,7992433020438,2,4,0,3,2,0,0,0,0,0,0
1250426,8017511166155,2,4,0,3,2,0,0,0,0,0,0
1250427,8046037050381,2,4,0,3,2,0,0,0,0,0,0
1250428,8621613866636,3,4,0,4,2,1,0,0,0,0,0
1250429,8046007952740,2,4,0,3,2,0,0,0,0,0,0
1250430,8045993937066,2,4,0,3,2,0,0,0,0,0,0
1250431,8538806928478,6,4,0,7,6,0,0,0,0,0,0
1250432,8622221849176,3,4,0,4,2,1,0,0,0,0,0
1250433,8548684369515,2,4,0,3,1,1,0,0,0,0,0
1250434,8532658478440,6,4,0,7,6,0,0,0,0,0,0
1250435,8620821663484,4,4,0,5,4,0,0,0,0,0,0
1250436,8622530007599,3,4,0,4,3,0,0,0,0,0,0
1250437,8614914378977,3,4,0,4,2,1,0,0,0,0,0
1250438,8539840804504,6,4,0,7,6,0,0,0,0,0,0
1250439,8623539804880,3,4,0,4,2,1,0,0,0,0,0
1250440,8547818968561,6,4,0,7,6,0,0,0,0,0,0
1250441,8617165640109,3,4,0,4,2,1,0,0,0,0,0
1250442,8609840852215,5,4,0,6,5,0,0,0,0,0,0
1250443,8528566218579,6,4,0,7,6,0,0,0,0,0,0
1250444,8609609731490,5,4,0,6,5,0,0,0,0,0,0
1250445,8522812343372,6,4,0,7,5,1,0,0,0,0,0
1250446,8614522481305,6,4,1,6,4,1,0,0,0,0,0
1250447,8551153613781,6,4,0,7,6,0,0,0,0,0,0
1250448,8619833101761,6,4,1,6,5,0,0,0,0,0,0
1250449,8551536068357,6,4,0,7,6,0,0,0,0,0,0
1250450,8552417170025,6,4,0,7,6,0,0,0,0,0,0
1250451,8552820190337,6,4,0,7,6,0,0,0,0,0,0
1250452,8554377479166,6,4,0,7,6,0,0,0,0,0,0
1250453,8614999699111,5,4,0,6,3,2,0,0,0,0,0
1250454,8617825950465,4,4,0,5,3,1,0,0,0,0,0
1250455,8550300184634,6,4,0,7,6,0,0,0,0,0,0
1250456,8607683187303,3,4,0,4,3,0,0,0,0,0,0
1250457,7995131776887,6,4,0,7,5,1,0,0,0,0,0
1250458,8511418495806,6,4,0,7,5,1,0,0,0,0,0
1250459,8555401298144,6,4,0,7,6,0,0,0,0,0,0
1250460,8551004829930,6,4,0,7,6,0,0,0,0,0,0
1250461,8615649795914,5,4,0,6,4,1,0,0,0,0,0
1250462,8574129562319,2,4,0,3,2,0,0,0,0,0,0
1250463,8575234609513,2,4,0,3,2,0,0,0,0,0,0
1250464,8607323839662,3,4,0,4,3,0,0,0,0,0,0
1250465,8607307384895,3,4,0,4,3,0,0,0,0,0,0
1250466,8557016760556,6,4,0,7,6,0,0,0,0,0,0
1250467,8563419742411,6,4,0,7,6,0,0,0,0,0,0
1250468,8562636540330,6,4,0,7,6,0,0,0,0,0,0
1250469,8568557348861,6,4,0,7,6,0,0,0,0,0,0
1250470,8576588530682,6,4,0,7,6,0,0,0,0,0,0
1250471,8573175382943,6,4,0,7,6,0,0,0,0,0,0
1250472,8574823552718,6,4,0,7,6,0,0,0,0,0,0
1250473,8589318595938,3,4,0,4,1,2,0,0,0,0,0
1250474,8805070247349,5,4,0,6,4,1,0,0,0,0,0
1250475,8616802254746,5,4,0,6,5,0,0,0,0,0,0
1250476,8607976517703,5,4,0,6,5,0,0,0,0,0,0
1250477,8608196888973,5,4,0,6,5,0,0,0,0,0,0
1250478,8614941264305,3,4,0,4,2,1,0,0,0,0,0
1250479,8563668994145,6,4,0,7,6,0,0,0,0,0,0
1250480,8551879471289,6,4,0,7,4,2,0,0,0,0,0
1250481,8608094934867,5,4,0,6,4,1,0,0,0,0,0
1250482,8562218752938,6,4,0,7,6,0,0,0,0,0,0
1250483,8777980634866,5,4,0,6,4,1,0,0,0,0,0
1250484,8585329691939,6,4,0,7,6,0,0,0,0,0,0
1250485,8589917710063,6,4,0,7,6,0,0,0,0,0,0
1250486,8613186247588,6,4,0,7,6,0,0,0,0,0,0
1250487,8624429106206,6,4,0,7,6,0,0,0,0,0,0
1250488,8607519332766,5,4,0,6,5,0,0,0,0,0,0
1250489,8607643375602,5,4,0,6,5,0,0,0,0,0,0
1250490,8607380045314,5,4,0,6,5,0,0,0,0,0,0
1250491,8608994792904,5,4,0,6,4,1,0,0,0,0,0
1250492,8555950433634,6,4,0,7,4,2,0,0,0,0,0
1250493,8577166035550,6,4,0,7,5,1,0,0,0,0,0
1250494,8611850659506,5,4,0,6,5,0,0,0,0,0,0
1250495,8592020005526,6,4,0,7,6,0,0,0,0,0,0
1250496,8614802714586,5,4,0,6,5,0,0,0,0,0,0
1250497,8596661257315,6,4,0,7,6,0,0,0,0,0,0
1250498,8607725539749,4,4,0,5,3,1,0,0,0,0,0
1250499,8831825779169,6,4,0,7,6,0,0,0,0,0,0
1250500,8548920835690,5,4,0,6,4,1,0,0,0,0,0
1250501,8567956611910,4,4,0,5,4,0,0,0,0,0,0
1250502,8406782062587,5,4,0,6,5,0,0,0,0,0,0
1250503,8621115438014,6,4,0,7,6,0,0,0,0,0,0
1250504,8118360732656,6,4,0,7,5,1,0,0,0,0,0
1250505,8605429137059,5,4,0,6,5,0,0,0,0,0,0
1250506,8618177223084,6,4,0,7,6,0,0,0,0,0,0
1250507,8619240401305,6,4,0,7,6,0,0,0,0,0,0
1250508,8568345280801,5,4,0,6,4,1,0,0,0,0,0
1250509,8625911139743,6,4,0,7,6,0,0,0,0,0,0
1250510,8615699458658,2,4,0,3,0,2,0,0,0,0,0
1250511,8612853980144,5,4,0,6,3,2,0,0,0,0,0
1250512,8631483765856,5,4,0,6,0,5,0,0,0,0,0
1250513,8622984836863,6,4,0,7,3,3,0,0,0,0,0
1250514,8634644899323,5,4,1,5,0,4,0,0,0,0,0
1250515,8416128450580,3,4,0,4,2,1,0,0,0,0,0
1250516,8656391505904,5,4,0,6,1,4,0,0,0,0,0
1250517,8616942762724,6,4,0,7,6,0,0,0,0,0,0
1250518,8574750036092,6,4,0,7,5,1,0,0,0,0,0
1250519,8669996169420,6,4,0,7,6,0,0,0,0,0,0
1250520,8601067376149,6,4,0,7,2,4,0,0,0,0,0
1250521,8628492539571,4,4,0,5,3,1,0,0,0,0,0
1250522,8482416506300,6,4,0,7,1,5,0,0,0,0,0
1250523,8650751934390,6,4,0,7,2,4,0,0,0,0,0
1250524,8604262267423,3,4,0,4,2,1,0,0,0,0,0
1250525,8531345393625,1,4,0,2,1,0,0,0,0,0,0
1250526,8514229788121,0,4,0,1,0,0,0,0,0,0,0
1250527,8514213548517,0,4,0,1,0,0,0,0,0,0,0
1250528,8557296544395,2,4,0,3,2,0,0,0,0,0,0
1250529,8514181069401,0,4,0,1,0,0,0,0,0,0,0
1250530,8616752952362,6,4,0,7,6,0,0,0,0,0,0
1250531,8565450691692,3,4,0,4,3,0,0,0,0,0,0
1250532,8590118950187,2,4,0,3,2,0,0,0,0,0,0
1250533,8599619178766,5,4,0,6,5,0,0,0,0,0,0
1250534,8514099872183,0,4,0,1,0,0,0,0,0,0,0
1250535,8514083632826,0,4,0,1,0,0,0,0,0,0,0
1250536,8652215679821,3,4,0,4,1,2,0,0,0,0,0
1250537,8607465342935,3,4,0,4,1,2,0,0,0,0,0
1250538,8561138921329,2,4,0,3,1,1,0,0,0,0,0
1250539,8514018675709,0,4,0,1,0,0,0,0,0,0,0
1250540,8514002436507,0,4,0,1,0,0,0,0,0,0,0
1250541,8548224812994,2,4,0,3,2,0,0,0,0,0,0
1250542,8513969958196,0,4,0,1,0,0,0,0,0,0,0
1250543,8600585032102,5,4,0,6,5,0,0,0,0,0,0
1250544,8693916267818,5,4,0,6,4,1,0,0,0,0,0
1250545,8578669733234,3,4,0,4,3,0,0,0,0,0,0
1250546,8603449022787,5,4,0,6,4,1,0,0,0,0,0
1250547,8627436819945,6,4,0,7,5,1,0,0,0,0,0
1250548,8513872525671,0,4,0,1,0,0,0,0,0,0,0
1250549,8631790676024,6,4,0,7,6,0,0,0,0,0,0
1250550,8566600804463,3,4,0,4,3,0,0,0,0,0,0
1250551,8601360196983,2,4,0,3,1,1,0,0,0,0,0
1250552,8594876932178,4,4,0,5,3,1,0,0,0,0,0
1250553,8532280799713,1,4,0,2,1,0,0,0,0,0,0
1250554,8513775092597,0,4,0,1,0,0,0,0,0,0,0
1250555,8513758853860,0,4,0,1,0,0,0,0,0,0,0
1250556,8532412614034,1,4,0,2,1,0,0,0,0,0,0
1250557,8614256947948,3,4,0,4,3,0,0,0,0,0,0
1250558,8607059954199,5,4,0,6,5,0,0,0,0,0,0
1250559,8618599880671,6,4,0,7,6,0,0,0,0,0,0
1250560,8531708723552,5,4,0,6,2,3,0,0,0,0,0
1250561,8139375775252,6,4,0,7,5,1,0,0,0,0,0
1250562,8605250743693,6,4,0,7,5,1,0,0,0,0,0
1250563,8624929505644,6,4,0,7,5,1,0,0,0,0,0
1250564,8620993209818,4,4,0,5,3,1,0,0,0,0,0
1250565,8599398385013,6,4,0,7,5,1,0,0,0,0,0
1250566,8617443637865,5,4,0,6,4,1,0,0,0,0,0
1250567,8615943498095,5,4,0,6,4,1,0,0,0,0,0
1250568,8613772222832,6,4,0,7,6,0,0,0,0,0,0
1250569,8561179563269,6,4,0,7,4,2,0,0,0,0,0
1250570,9205134376324,6,4,0,7,4,2,0,0,0,0,0
1250571,8532437169839,1,4,0,2,1,0,0,0,0,0,0
1250572,8606709944420,3,4,0,4,2,1,0,0,0,0,0
1250573,8615433558194,3,4,0,4,3,0,0,0,0,0,0
1250574,8545825560252,6,4,0,7,5,1,0,0,0,0,0
1250575,8616496792319,3,4,0,4,1,2,0,0,0,0,0
1250576,8580924601202,6,4,0,7,6,0,0,0,0,0,0
1250577,8679684989347,4,4,0,5,2,2,0,0,0,0,0
1250578,8513387296549,0,4,0,1,0,0,0,0,0,0,0
1250579,8593984999847,4,4,0,5,3,1,0,0,0,0,0
1250580,8513354820585,0,4,0,1,0,0,0,0,0,0,0
1250581,8541338582649,1,4,0,2,0,1,0,0,0,0,0
1250582,8345058490825,2,4,0,3,0,2,0,0,0,0,0
1250583,8567945956448,6,4,0,7,6,0,0,0,0,0,0
1250584,8542952128375,5,4,0,6,4,1,0,0,0,0,0
1250585,8572121019931,6,4,0,7,6,0,0,0,0,0,0
1250586,8574738903858,6,4,0,7,6,0,0,0,0,0,0
1250587,8611888342541,5,4,0,6,4,1,0,0,0,0,0
1250588,8641161973442,5,4,0,6,2,3,0,0,0,0,0
1250589,8608706472940,5,4,0,6,4,1,0,0,0,0,0
1250590,8782333728327,3,4,0,4,2,1,0,0,0,0,0
1250591,8552177012628,2,4,0,3,2,0,0,0,0,0,0
1250592,8597003412371,4,4,0,5,3,1,0,0,0,0,0
1250593,8533258280283,1,4,0,2,1,0,0,0,0,0,0
1250594,8618000443229,5,4,0,6,5,0,0,0,0,0,0
1250595,8622709636218,3,4,0,4,2,1,0,0,0,0,0
1250596,8622660244766,5,4,0,6,4,1,0,0,0,0,0
1250597,8513079846723,0,4,0,1,0,0,0,0,0,0,0
1250598,8541954262344,3,4,0,4,2,1,0,0,0,0,0
1250599,8614913149658,3,4,0,4,2,1,0,0,0,0,0
1250600,8602249990135,2,4,0,3,2,0,0,0,0,0,0
1250601,8617981760284,3,4,0,4,3,0,0,0,0,0,0
1250602,8616521626362,3,4,0,4,1,2,0,0,0,0,0
1250603,8615193949040,5,4,0,6,5,0,0,0,0,0,0
1250604,8661701908800,3,4,0,4,1,2,0,0,0,0,0
1250605,8396137657635,3,4,0,4,0,3,0,0,0,0,0
1250606,8616742087848,5,4,0,6,4,1,0,0,0,0,0
1250607,8615541803577,5,4,0,6,3,2,0,0,0,0,0
1250608,8613575213389,3,4,0,4,3,0,0,0,0,0,0
1250609,8384263300746,6,4,0,7,6,0,0,0,0,0,0
1250610,8615116236972,5,4,0,6,5,0,0,0,0,0,0
1250611,8382524531844,6,4,0,7,6,0,0,0,0,0,0
1250612,8550314288896,4,4,0,5,3,1,0,0,0,0,0
1250613,8618787018437,5,4,0,6,3,2,0,0,0,0,0
1250614,8613954330155,3,4,0,4,2,1,0,0,0,0,0
1250615,8615518541302,5,4,0,6,5,0,0,0,0,0,0
1250616,8327843413056,6,4,0,7,6,0,0,0,0,0,0
1250617,8332680540579,6,4,0,7,6,0,0,0,0,0,0
1250618,8317974096753,6,4,0,7,6,0,0,0,0,0,0
1250619,8716105367882,5,4,1,5,3,1,0,0,0,0,0
1250620,8614814150527,5,4,0,6,5,0,0,0,0,0,0
1250621,8562664016621,2,4,0,3,0,2,0,0,0,0,0
1250622,8512677471307,0,4,0,1,0,0,0,0,0,0,0
1250623,8613150579623,2,4,0,3,0,2,0,0,0,0,0
1250624,8555038901533,2,4,0,3,1,1,0,0,0,0,0
1250625,8594276042820,4,4,0,5,4,0,0,0,0,0,0
1250626,8573847869126,3,4,0,4,3,0,0,0,0,0,0
1250627,8344228528394,5,4,0,6,3,2,0,0,0,0,0
1250628,8553403973101,2,4,0,3,1,1,0,0,0,0,0
1250629,8559131109015,3,4,0,4,2,1,0,0,0,0,0
1250630,8613783249345,4,4,0,5,3,1,0,0,0,0,0
1250631,8341135573169,4,4,0,5,4,0,0,0,0,0,0
1250632,8743545956065,5,4,0,6,4,1,0,0,0,0,0
1250633,8572637938464,3,4,0,4,0,3,0,0,0,0,0
1250634,8573636481257,3,4,0,4,3,0,0,0,0,0,0
1250635,8315922434733,2,4,0,3,0,2,0,0,0,0,0
1250636,8593865625384,4,4,0,5,4,0,0,0,0,0,0
1250637,8512435852472,0,4,0,1,0,0,0,0,0,0,0
1250638,8607935060368,3,4,0,4,2,1,0,0,0,0,0
1250639,8593904436345,4,4,0,5,4,0,0,0,0,0,0
1250640,8612695944976,3,4,0,4,3,0,0,0,0,0,0
1250641,8582921149066,2,4,0,3,2,0,0,0,0,0,0
1250642,8597174085525,4,4,0,5,3,1,0,0,0,0,0
1250643,8614317289010,5,4,0,6,5,0,0,0,0,0,0
1250644,8538322199842,1,4,0,2,1,0,0,0,0,0,0
1250645,8532701648926,1,4,0,2,1,0,0,0,0,0,0
1250646,8351666529479,4,4,0,5,4,0,0,0,0,0,0
1250647,8604838845532,2,4,0,3,1,1,0,0,0,0,0
1250648,8369680037290,2,4,0,3,2,0,0,0,0,0,0
1250649,8554746640737,3,4,0,4,1,2,0,0,0,0,0
1250650,8624539113889,5,4,0,6,3,2,0,0,0,0,0
1250651,8612516837671,3,4,0,4,3,0,0,0,0,0,0
1250652,8379536282076,2,4,0,3,2,0,0,0,0,0,0
1250653,8390477604255,2,4,0,3,2,0,0,0,0,0,0
1250654,8601527964176,2,4,0,3,1,1,0,0,0,0,0
1250655,8614020058166,3,4,0,4,2,1,0,0,0,0,0
1250656,8692703365728,4,4,0,5,2,2,0,0,0,0,0
1250657,8603016640310,3,4,0,4,3,0,0,0,0,0,0
1250658,8599952399675,4,4,0,5,2,2,0,0,0,0,0
1250659,8606799316349,5,4,0,6,4,1,0,0,0,0,0
1250660,8614117293101,5,4,0,6,5,0,0,0,0,0,0
1250661,8603165972815,3,4,0,4,3,0,0,0,0,0,0
1250662,8326692608645,6,4,0,7,6,0,0,0,0,0,0
1250663,8338453824232,4,4,0,5,3,1,0,0,0,0,0
1250664,8614165179753,5,4,0,6,5,0,0,0,0,0,0
1250665,8317869608472,6,4,0,7,6,0,0,0,0,0,0
1250666,8320347318842,6,4,0,7,6,0,0,0,0,0,0
1250667,8614307907454,5,4,0,6,5,0,0,0,0,0,0
1250668,8614318254930,5,4,0,6,5,0,0,0,0,0,0
1250669,8614710501910,3,4,0,4,1,2,0,0,0,0,0
1250670,8510179853469,5,4,0,6,3,2,0,0,0,0,0
1250671,8882338848143,4,4,0,5,3,1,0,0,0,0,0
1250672,8539872333297,1,4,0,2,0,1,0,0,0,0,0
1250673,8601434076036,2,4,0,3,2,0,0,0,0,0,0
1250674,8593560123604,4,4,0,5,4,0,0,0,0,0,0
1250675,8614176711171,5,4,0,6,5,0,0,0,0,0,0
1250676,8614160476156,5,4,0,6,5,0,0,0,0,0,0
1250677,8602330337278,1,4,0,2,0,1,0,0,0,0,0
1250678,8614216063158,5,4,0,6,5,0,0,0,0,0,0
1250679,8593729094485,4,4,0,5,4,0,0,0,0,0,0
1250680,8593712625177,4,4,0,5,3,1,0,0,0,0,0
1250681,8614259939206,5,4,0,6,5,0,0,0,0,0,0
1250682,8600913586121,4,4,0,5,3,1,0,0,0,0,0
1250683,8601563216115,2,4,0,3,1,1,0,0,0,0,0
1250684,8601532467964,5,4,0,6,3,2,0,0,0,0,0
1250685,8614119759936,5,4,0,6,5,0,0,0,0,0,0
1250686,8614097164421,5,4,0,6,5,0,0,0,0,0,0
1250687,8625762047876,4,4,0,5,2,2,0,0,0,0,0
1250688,8532107111460,1,4,0,2,1,0,0,0,0,0,0
1250689,8574656126670,3,4,0,4,2,1,0,0,0,0,0
1250690,8511580204808,0,4,0,1,0,0,0,0,0,0,0
1250691,8532060227662,1,4,0,2,1,0,0,0,0,0,0
1250692,8601460011231,2,4,0,3,2,0,0,0,0,0,0
1250693,8614061885577,5,4,0,6,5,0,0,0,0,0,0
1250694,8603059837485,4,4,0,5,3,1,0,0,0,0,0
1250695,8567499032464,2,4,0,3,1,1,0,0,0,0,0
1250696,8532059816543,1,4,0,2,1,0,0,0,0,0,0
1250697,8511466563702,0,4,0,1,0,0,0,0,0,0,0
1250698,8511450329368,0,4,0,1,0,0,0,0,0,0,0
1250699,8594670041339,4,4,0,5,4,0,0,0,0,0,0
1250700,8511417860793,0,4,0,1,0,0,0,0,0,0,0
1250701,8511401626552,0,4,0,1,0,0,0,0,0,0,0
1250702,8584699693886,1,4,0,2,0,1,0,0,0,0,0
1250703,8564688650194,1,4,0,2,0,1,0,0,0,0,0
1250704,8533482483817,1,4,0,2,1,0,0,0,0,0,0
1250705,8561466207489,2,4,0,3,2,0,0,0,0,0,0
1250706,8577708881953,3,4,0,4,3,0,0,0,0,0,0
1250707,8533433654938,1,4,0,2,1,0,0,0,0,0,0
1250708,8604912334150,4,4,0,5,3,1,0,0,0,0,0
1250709,8511271753737,0,4,0,1,0,0,0,0,0,0,0
1250710,8533384826324,1,4,0,2,1,0,0,0,0,0,0
1250711,8599756343199,4,4,0,5,4,0,0,0,0,0,0
1250712,7978643277456,2,4,0,3,1,1,0,0,0,0,0
1250713,8614106986351,4,4,0,5,1,3,0,0,0,0,0
1250714,8562282276662,5,4,0,6,5,0,0,0,0,0,0
1250715,8577563308586,3,4,0,4,3,0,0,0,0,0,0
1250716,8511159492806,0,4,0,1,0,0,0,0,0,0,0
1250717,8511143259057,0,4,0,1,0,0,0,0,0,0,0
1250718,8511127025340,0,4,0,1,0,0,0,0,0,0,0
1250719,8511110791653,0,4,0,1,0,0,0,0,0,0,0
1250720,8555352334106,2,4,0,3,2,0,0,0,0,0,0
1250721,8565236077656,5,4,0,6,5,0,0,0,0,0,0
1250722,8555319890205,2,4,0,3,2,0,0,0,0,0,0
1250723,8511045964956,0,4,0,1,0,0,0,0,0,0,0
1250724,8581287170416,3,4,0,4,3,0,0,0,0,0,0
1250725,8599528207115,4,4,0,5,4,0,0,0,0,0,0
1250726,8510997264453,0,4,0,1,0,0,0,0,0,0,0
1250727,8597793203066,2,4,0,3,1,1,0,0,0,0,0
1250728,8607990166370,2,4,0,3,2,0,0,0,0,0,0
1250729,8604569176974,4,4,0,5,3,1,0,0,0,0,0
1250730,8568358518757,5,4,0,6,5,0,0,0,0,0,0
1250731,8549313070426,3,4,0,4,1,2,0,0,0,0,0
1250732,8599413639499,4,4,0,5,4,0,0,0,0,0,0
1250733,8577269024113,3,4,0,4,3,0,0,0,0,0,0
1250734,8564328619655,5,4,0,6,5,0,0,0,0,0,0
1250735,8606938591362,4,4,0,5,2,2,0,0,0,0,0
1250736,8601050488030,4,4,0,5,4,0,0,0,0,0,0
1250737,8599331741035,4,4,0,5,4,0,0,0,0,0,0
1250738,8522707118693,5,4,0,6,2,3,0,0,0,0,0
1250739,8555042968018,2,4,0,3,2,0,0,0,0,0,0
1250740,8555026651624,2,4,0,3,2,0,0,0,0,0,0
1250741,8555010334222,2,4,0,3,2,0,0,0,0,0,0
1250742,8510738094334,0,4,0,1,0,0,0,0,0,0,0
1250743,8510721861389,0,4,0,1,0,0,0,0,0,0,0
1250744,8510705628476,0,4,0,1,0,0,0,0,0,0,0
1250745,8561800258594,5,4,0,6,5,0,0,0,0,0,0
1250746,8600886755907,4,4,0,5,3,1,0,0,0,0,0
1250747,8510657043461,0,4,0,1,0,0,0,0,0,0,0
1250748,8510640810671,0,4,0,1,0,0,0,0,0,0,0
1250749,8575305448068,1,4,0,2,0,1,0,0,0,0,0
1250750,8554863592974,2,4,0,3,2,0,0,0,0,0,0
1250751,8510592112487,0,4,0,1,0,0,0,0,0,0,0
1250752,8556533077215,2,4,0,3,2,0,0,0,0,0,0
1250753,8554814641735,2,4,0,3,2,0,0,0,0,0,0
1250754,8510543414581,0,4,0,1,0,0,0,0,0,0,0
1250755,8600738942154,4,4,0,5,3,1,0,0,0,0,0
1250756,8561620825225,5,4,0,6,5,0,0,0,0,0,0
1250757,8599004313152,4,4,0,5,4,0,0,0,0,0,0
1250758,8598987702293,4,4,0,5,4,0,0,0,0,0,0
1250759,8598971511794,4,4,0,5,4,0,0,0,0,0,0
1250760,8607465404105,2,4,0,3,2,0,0,0,0,0,0
1250761,8564583696828,5,4,0,6,5,0,0,0,0,0,0
1250762,8564659956792,5,4,0,6,5,0,0,0,0,0,0
1250763,8566521381814,5,4,0,6,5,0,0,0,0,0,0
1250764,8568597123143,5,4,0,6,5,0,0,0,0,0,0
1250765,8556230938825,5,4,0,6,4,1,0,0,0,0,0
1250766,8668349292696,3,4,0,4,1,2,0,0,0,0,0
1250767,8565887002353,5,4,0,6,5,0,0,0,0,0,0
1250768,8558443799335,2,4,0,3,2,0,0,0,0,0,0
1250769,8355999383811,3,4,0,4,2,1,0,0,0,0,0
1250770,8574963406739,1,4,0,2,0,1,0,0,0,0,0
1250771,8581755159949,3,4,0,4,2,1,0,0,0,0,0
1250772,8532379232730,1,4,0,2,1,0,0,0,0,0,0
1250773,8532362958501,1,4,0,2,1,0,0,0,0,0,0
1250774,8532346684315,1,4,0,2,1,0,0,0,0,0,0
1250775,8510203837978,0,4,0,1,0,0,0,0,0,0,0
1250776,8510187606053,0,4,0,1,0,0,0,0,0,0,0
1250777,8598677325250,4,4,0,5,3,1,0,0,0,0,0
1250778,8598661008964,4,4,0,5,4,0,0,0,0,0,0
1250779,8554391886008,2,4,0,3,2,0,0,0,0,0,0
1250780,8554326828419,5,4,0,6,4,1,0,0,0,0,0
1250781,8576485530455,3,4,0,4,3,0,0,0,0,0,0
1250782,8584979279665,1,4,0,2,0,1,0,0,0,0,0
1250783,8532200345024,1,4,0,2,1,0,0,0,0,0,0
1250784,8605370708494,4,4,0,5,3,1,0,0,0,0,0
1250785,8554029061254,5,4,0,6,4,1,0,0,0,0,0
1250786,8610025545557,1,4,0,2,0,1,0,0,0,0,0
1250787,8598513579639,4,4,0,5,4,0,0,0,0,0,0
1250788,8554245173040,2,4,0,3,2,0,0,0,0,0,0
1250789,8532102875099,1,4,0,2,1,0,0,0,0,0,0
1250790,8564779441355,5,4,0,6,5,0,0,0,0,0,0
1250791,8606322271608,4,4,0,5,3,1,0,0,0,0,0
1250792,8566025899744,5,4,0,6,5,0,0,0,0,0,0
1250793,8662037949045,3,4,0,4,2,1,0,0,0,0,0
1250794,8509895904200,0,4,0,1,0,0,0,0,0,0,0
1250795,8554131131542,2,4,0,3,2,0,0,0,0,0,0
1250796,8582701940535,2,4,0,3,2,0,0,0,0,0,0
1250797,8563997405887,5,4,0,6,5,0,0,0,0,0,0
1250798,8558710464653,5,4,0,6,4,1,0,0,0,0,0
1250799,8605125147784,2,4,0,3,0,2,0,0,0,0,0
1250800,7967445121615,2,4,0,3,1,1,0,0,0,0,0
1250801,8563887508960,5,4,0,6,5,0,0,0,0,0,0
1250802,8564494002877,5,4,0,6,5,0,0,0,0,0,0
1250803,8554296468340,5,4,0,6,4,1,0,0,0,0,0
1250804,8559092306126,2,4,0,3,1,1,0,0,0,0,0
1250805,8563868382532,5,4,0,6,5,0,0,0,0,0,0
1250806,8598204360924,4,4,0,5,4,0,0,0,0,0,0
1250807,8612274458322,3,4,0,4,3,0,0,0,0,0,0
1250808,8606681122848,4,4,0,5,2,2,0,0,0,0,0
1250809,8598155162821,4,4,0,5,4,0,0,0,0,0,0
1250810,8564064075609,5,4,0,6,5,0,0,0,0,0,0
1250811,8598122344112,4,4,0,5,4,0,0,0,0,0,0
1250812,8598105987520,4,4,0,5,3,1,0,0,0,0,0
1250813,8619416631962,4,4,0,5,0,4,0,0,0,0,0
1250814,8596371228492,2,4,0,3,1,1,0,0,0,0,0
1250815,7945853328371,2,4,0,3,1,1,0,0,0,0,0
1250816,8509500000000,0,4,1,0,0,0,0,0,0,0,0
1250817,8572831654298,3,4,0,4,3,0,0,0,0,0,0
1250818,8604817758289,4,4,0,5,0,4,0,0,0,0,0
1250819,7983003883206,2,4,0,3,2,0,0,0,0,0,0
1250820,8596276215780,2,4,0,3,2,0,0,0,0,0,0
1250821,7983132560185,2,4,0,3,2,0,0,0,0,0,0
1250822,7983118734515,2,4,0,3,2,0,0,0,0,0,0
1250823,7983183642394,2,4,0,3,2,0,0,0,0,0,0
1250824,8553342200918,5,4,0,6,4,1,0,0,0,0,0
1250825,8597899994983,4,4,0,5,4,0,0,0,0,0,0
1250826,8555576854137,5,4,0,6,4,1,0,0,0,0,0
1250827,8597868237230,4,4,0,5,4,0,0,0,0,0,0
1250828,8563569985121,5,4,0,6,5,0,0,0,0,0,0
1250829,8621162745319,4,4,0,5,1,3,0,0,0,0,0
1250830,8597818338897,4,4,0,5,3,1,0,0,0,0,0
1250831,8608012797547,3,4,0,4,2,1,0,0,0,0,0
1250832,8560319298165,5,4,0,6,5,0,0,0,0,0,0
1250833,8563488060084,5,4,0,6,5,0,0,0,0,0,0
1250834,8569433743840,4,4,0,5,4,0,0,0,0,0,0
1250835,8597736750732,4,4,0,5,4,0,0,0,0,0,0
1250836,8596017676497,2,4,0,3,2,0,0,0,0,0,0
1250837,8563376364718,5,4,0,6,5,0,0,0,0,0,0
1250838,8560295058611,5,4,0,6,5,0,0,0,0,0,0
1250839,8597670929227,4,4,0,5,4,0,0,0,0,0,0
1250840,8563492141917,5,4,0,6,5,0,0,0,0,0,0
1250841,8607851710442,3,4,0,4,3,0,0,0,0,0,0
1250842,8556829883062,3,4,0,4,1,2,0,0,0,0,0
1250843,8338847476516,3,4,0,4,2,1,0,0,0,0,0
1250844,8563193741562,5,4,0,6,5,0,0,0,0,0,0
1250845,8563270111944,5,4,0,6,5,0,0,0,0,0,0
1250846,8563346367442,5,4,0,6,5,0,0,0,0,0,0
1250847,8597542682814,4,4,0,5,4,0,0,0,0,0,0
1250848,8597526784207,4,4,0,5,4,0,0,0,0,0,0
1250849,8597507675696,4,4,0,5,4,0,0,0,0,0,0
1250850,8565384807273,5,4,0,6,5,0,0,0,0,0,0
1250851,8224591057540,3,4,0,4,1,2,0,0,0,0,0
1250852,8564717266732,5,4,0,6,5,0,0,0,0,0,0
1250853,8692949829586,4,4,0,5,1,3,0,0,0,0,0
1250854,8563999019197,5,4,0,6,5,0,0,0,0,0,0
1250855,8566995896515,5,4,0,6,5,0,0,0,0,0,0
1250856,8597396263610,4,4,0,5,4,0,0,0,0,0,0
1250857,8597379324720,4,4,0,5,4,0,0,0,0,0,0
1250858,8567054094064,5,4,0,6,5,0,0,0,0,0,0
1250859,8344985188073,4,4,0,5,4,0,0,0,0,0,0
1250860,8564726070648,5,4,0,6,5,0,0,0,0,0,0
1250861,8597314521504,4,4,0,5,4,0,0,0,0,0,0
1250862,8597296456304,4,4,0,5,4,0,0,0,0,0,0
1250863,8605788905168,2,4,0,3,2,0,0,0,0,0,0
1250864,8597265996428,4,4,0,5,4,0,0,0,0,0,0
1250865,8597249398228,4,4,0,5,4,0,0,0,0,0,0
1250866,8569981472632,3,4,0,4,2,1,0,0,0,0,0
1250867,8564541910471,5,4,0,6,5,0,0,0,0,0,0
1250868,8127208831821,5,4,0,6,4,1,0,0,0,0,0
1250869,8593786239187,3,4,0,4,0,3,0,0,0,0,0
1250870,8527683219240,4,4,0,5,0,4,0,0,0,0,0
1250871,8554153182324,5,4,0,6,4,1,0,0,0,0,0
1250872,8510232190393,5,4,0,6,2,3,0,0,0,0,0
1250873,8599259650889,4,4,0,5,3,1,0,0,0,0,0
1250874,8571390233691,5,4,0,6,5,0,0,0,0,0,0
1250875,8596595600108,3,4,0,4,1,2,0,0,0,0,0
1250876,8535437934919,5,4,0,6,4,1,0,0,0,0,0
1250877,8530685653974,1,4,0,2,1,0,0,0,0,0,0
1250878,8508547076618,0,4,0,1,0,0,0,0,0,0,0
1250879,8597019737432,4,4,0,5,4,0,0,0,0,0,0
1250880,8530636799315,1,4,0,2,1,0,0,0,0,0,0
1250881,8508498390414,0,4,0,1,0,0,0,0,0,0,0
1250882,8603777343709,3,4,0,4,1,2,0,0,0,0,0
1250883,8605462629723,2,4,0,3,2,0,0,0,0,0,0
1250884,8596938087744,4,4,0,5,4,0,0,0,0,0,0
1250885,8560263827988,5,4,0,6,5,0,0,0,0,0,0
1250886,8595203380918,2,4,0,3,2,0,0,0,0,0,0
1250887,8610048404152,4,4,0,5,1,3,0,0,0,0,0
1250888,8351882122543,3,4,0,4,2,1,0,0,0,0,0
1250889,8599769427380,3,4,0,4,1,2,0,0,0,0,0
1250890,8595138656957,2,4,0,3,2,0,0,0,0,0,0
1250891,8617983867736,3,4,0,4,0,3,0,0,0,0,0
1250892,8598884101964,5,4,0,6,5,0,0,0,0,0,0
1250893,8600650967329,5,4,0,6,5,0,0,0,0,0,0
1250894,8614801923407,5,4,0,6,5,0,0,0,0,0,0
1250895,8617775247033,5,4,0,6,5,0,0,0,0,0,0
1250896,8618671792370,5,4,0,6,5,0,0,0,0,0,0
1250897,8615444021055,4,4,0,5,2,2,0,0,0,0,0
1250898,8349118938829,2,4,0,3,0,2,0,0,0,0,0
1250899,8606903200706,3,4,0,4,2,1,0,0,0,0,0
1250900,8596677758359,4,4,0,5,4,0,0,0,0,0,0
1250901,8600351212992,5,4,0,6,4,1,0,0,0,0,0
1250902,8596644001311,4,4,0,5,4,0,0,0,0,0,0
1250903,8610509818645,5,4,0,6,5,0,0,0,0,0,0
1250904,8610504871506,5,4,0,6,5,0,0,0,0,0,0
1250905,8614374516281,2,4,0,3,0,2,0,0,0,0,0
1250906,8606159713653,4,4,0,5,2,2,0,0,0,0,0
1250907,8594260919469,4,4,0,5,4,0,0,0,0,0,0
1250908,8516795326741,3,4,0,4,2,1,0,0,0,0,0
1250909,8594228627263,3,4,0,4,2,1,0,0,0,0,0
1250910,8536792395529,4,4,0,5,4,0,0,0,0,0,0
1250911,8595869639771,4,4,0,5,4,0,0,0,0,0,0
1250912,8599889326348,4,4,0,5,4,0,0,0,0,0,0
1250913,8521749626405,4,4,0,5,3,1,0,0,0,0,0
1250914,8596447828702,4,4,0,5,4,0,0,0,0,0,0
1250915,8559770946663,2,4,0,3,0,2,0,0,0,0,0
1250916,8598116627847,4,4,0,5,3,1,0,0,0,0,0
1250917,8539916145094,1,4,0,2,0,1,0,0,0,0,0
1250918,8615610651319,5,4,0,6,5,0,0,0,0,0,0
1250919,8574245314854,3,4,0,4,3,0,0,0,0,0,0
1250920,8613530061298,5,4,0,6,5,0,0,0,0,0,0
1250921,8599736267281,4,4,0,5,2,2,0,0,0,0,0
1250922,8518678087982,4,4,0,5,4,0,0,0,0,0,0
1250923,8613455265421,5,4,0,6,4,1,0,0,0,0,0
1250924,8596284482086,4,4,0,5,4,0,0,0,0,0,0
1250925,8601372797865,4,4,0,5,1,3,0,0,0,0,0
1250926,8615701744361,5,4,0,6,3,2,0,0,0,0,0
1250927,8602279625213,5,4,0,6,5,0,0,0,0,0,0
1250928,8614975211827,5,4,0,6,5,0,0,0,0,0,0
1250929,8406157154202,3,4,0,4,1,2,0,0,0,0,0
1250930,8531226285794,4,4,0,5,3,1,0,0,0,0,0
1250931,8833689891793,4,4,0,5,2,2,0,0,0,0,0
1250932,8618090218190,5,4,0,6,5,0,0,0,0,0,0
1250933,8599299856514,4,4,0,5,3,1,0,0,0,0,0
1250934,8629761120176,2,4,0,3,1,1,0,0,0,0,0
1250935,8609104284578,5,4,0,6,4,1,0,0,0,0,0
1250936,8694533293357,5,4,0,6,4,1,0,0,0,0,0
1250937,8596071811090,4,4,0,5,4,0,0,0,0,0,0
1250938,8507576326485,0,4,0,1,0,0,0,0,0,0,0
1250939,8537560099571,3,4,0,4,0,3,0,0,0,0,0
1250940,8529663528935,1,4,0,2,1,0,0,0,0,0,0
1250941,8507527645836,0,4,0,1,0,0,0,0,0,0,0
1250942,8564944540653,3,4,0,4,0,3,0,0,0,0,0
1250943,8594682291912,3,4,0,4,2,1,0,0,0,0,0
1250944,8118872085278,2,4,0,3,1,1,0,0,0,0,0
1250945,8594516480576,5,4,0,6,5,0,0,0,0,0,0
1250946,8594919554159,5,4,0,6,5,0,0,0,0,0,0
1250947,8604416306118,2,4,0,3,1,1,0,0,0,0,0
1250948,8594496057569,5,4,0,6,5,0,0,0,0,0,0
1250949,8609356049310,5,4,0,6,5,0,0,0,0,0,0
1250950,8615146009751,5,4,0,6,5,0,0,0,0,0,0
1250951,8537366564021,3,4,0,4,0,3,0,0,0,0,0
1250952,8606035893443,4,4,0,5,4,0,0,0,0,0,0
1250953,8594919231297,5,4,0,6,5,0,0,0,0,0,0
1250954,8605221616804,5,4,0,6,4,1,0,0,0,0,0
1250955,8571539905908,4,4,0,5,2,2,0,0,0,0,0
1250956,8612106600414,4,4,0,5,1,3,0,0,0,0,0
1250957,8606564394794,5,4,0,6,5,0,0,0,0,0,0
1250958,8610311591310,3,4,0,4,2,1,0,0,0,0,0
1250959,8605367996021,5,4,0,6,4,1,0,0,0,0,0
1250960,8610849358737,5,4,0,6,5,0,0,0,0,0,0
1250961,8595679543987,4,4,0,5,4,0,0,0,0,0,0
1250962,8610433470056,5,4,0,6,5,0,0,0,0,0,0
1250963,12411134966432,5,4,0,6,2,3,0,0,0,0,0
1250964,8616816672481,5,4,0,6,5,0,0,0,0,0,0
1250965,8617642064988,5,4,0,6,5,0,0,0,0,0,0
1250966,8615971441518,3,4,0,4,2,1,0,0,0,0,0
1250967,8564863030664,5,4,0,6,4,1,0,0,0,0,0
1250968,8597266361183,3,4,0,4,1,2,0,0,0,0,0
1250969,8617314187324,5,4,0,6,5,0,0,0,0,0,0
1250970,8604970401586,2,4,0,3,1,1,0,0,0,0,0
1250971,8298193986245,6,4,0,7,6,0,0,0,0,0,0
1250972,8612819422874,5,4,0,6,5,0,0,0,0,0,0
1250973,8580890509650,4,4,0,5,3,1,0,0,0,0,0
1250974,8616395937206,5,4,0,6,5,0,0,0,0,0,0
1250975,8617733059918,5,4,0,6,3,2,0,0,0,0,0
1250976,8609723788570,5,4,0,6,4,1,0,0,0,0,0
1250977,8630945660259,4,4,0,5,2,2,0,0,0,0,0
1250978,8597229951143,2,4,0,3,1,1,0,0,0,0,0
1250979,8547387542681,3,4,0,4,1,2,0,0,0,0,0
1250980,8551068336831,2,4,0,3,1,1,0,0,0,0,0
1250981,8571880420864,3,4,0,4,2,1,0,0,0,0,0
1250982,8592094964725,5,4,0,6,4,1,0,0,0,0,0
1250983,8298278032361,4,4,0,5,4,0,0,0,0,0,0
1250984,8340059603770,2,4,0,3,2,0,0,0,0,0,0
1250985,8301294928397,5,4,0,6,5,0,0,0,0,0,0
1250986,8590824655430,4,4,0,5,3,1,0,0,0,0,0
1250987,8606004100268,4,4,0,5,2,2,0,0,0,0,0
1250988,8617701892664,5,4,0,6,4,1,0,0,0,0,0
1250989,8506752814749,0,4,0,1,0,0,0,0,0,0,0
1250990,8506736589406,0,4,0,1,0,0,0,0,0,0,0
1250991,8506720364093,0,4,0,1,0,0,0,0,0,0,0
1250992,8506704138812,0,4,0,1,0,0,0,0,0,0,0
1250993,8296671250918,2,4,0,3,0,2,0,0,0,0,0
1250994,8301533810586,3,4,0,4,1,2,0,0,0,0,0
1250995,8591637971792,2,4,0,3,1,1,0,0,0,0,0
1250996,8342521108135,2,4,0,3,2,0,0,0,0,0,0
1250997,8601799129707,4,4,0,5,1,3,0,0,0,0,0
1250998,8600416940096,2,4,0,3,1,1,0,0,0,0,0
1250999,8341530252328,2,4,0,3,2,0,0,0,0,0,0
1251000,8611362449782,3,4,0,4,3,0,0,0,0,0,0
1251001,8284327979549,4,4,0,5,4,0,0,0,0,0,0
1251002,8342899588126,2,4,0,3,2,0,0,0,0,0,0
1251003,8605302329864,5,4,0,6,0,5,0,0,0,0,0
1251004,8603979150035,5,4,0,6,0,5,0,0,0,0,0
1251005,8605409479293,5,4,0,6,0,5,0,0,0,0,0
1251006,8605426328974,5,4,0,6,0,5,0,0,0,0,0
1251007,8605537234032,5,4,0,6,1,4,0,0,0,0,0
1251008,8605550570210,5,4,0,6,0,5,0,0,0,0,0
1251009,8605547037015,5,4,0,6,0,5,0,0,0,0,0
1251010,8605601896976,5,4,0,6,0,5,0,0,0,0,0
1251011,8605670145959,2,4,0,3,2,0,0,0,0,0,0
1251012,8605582038485,5,4,0,6,0,5,0,0,0,0,0
1251013,8530421694032,3,4,0,4,0,3,0,0,0,0,0
1251014,8589273612546,4,4,0,5,1,3,0,0,0,0,0
1251015,8607488442084,4,4,0,5,3,1,0,0,0,0,0
1251016,8608746275261,5,4,0,6,5,0,0,0,0,0,0
1251017,8608768723781,5,4,0,6,5,0,0,0,0,0,0
1251018,8608753899465,5,4,0,6,5,0,0,0,0,0,0
1251019,8289096191153,6,4,0,7,6,0,0,0,0,0,0
1251020,8316237533899,4,4,0,5,4,0,0,0,0,0,0
1251021,8608611468856,5,4,0,6,5,0,0,0,0,0,0
1251022,9143890344300,4,4,0,5,2,2,0,0,0,0,0
1251023,8289014116910,6,4,0,7,6,0,0,0,0,0,0
1251024,8604465355043,5,4,0,6,4,1,0,0,0,0,0
1251025,8597541484621,3,4,0,4,2,1,0,0,0,0,0
1251026,8608552390913,5,4,0,6,5,0,0,0,0,0,0
1251027,8290944712792,6,4,0,7,6,0,0,0,0,0,0
1251028,8608543442540,5,4,0,6,5,0,0,0,0,0,0
1251029,8532203409372,5,4,0,6,4,1,0,0,0,0,0
1251030,8604478485013,3,4,0,4,0,3,0,0,0,0,0
1251031,8258855880809,4,4,0,5,2,2,0,0,0,0,0
1251032,8606651073598,5,4,0,6,3,2,0,0,0,0,0
1251033,8517534924123,4,4,0,5,2,2,0,0,0,0,0
1251034,8592985277606,4,4,0,5,2,2,0,0,0,0,0
1251035,8538607294627,4,4,0,5,4,0,0,0,0,0,0
1251036,8608295265528,5,4,0,6,5,0,0,0,0,0,0
1251037,8289506510546,6,4,0,7,6,0,0,0,0,0,0
1251038,8641785898777,5,4,0,6,3,2,0,0,0,0,0
1251039,8292153808803,6,4,0,7,6,0,0,0,0,0,0
1251040,8299367827251,6,4,0,7,6,0,0,0,0,0,0
1251041,8591871091559,4,4,0,5,3,1,0,0,0,0,0
1251042,8611646359371,5,4,0,6,5,0,0,0,0,0,0
1251043,8612295327016,5,4,0,6,5,0,0,0,0,0,0
1251044,8444229926087,3,4,0,4,0,3,0,0,0,0,0
1251045,8292461210525,6,4,0,7,6,0,0,0,0,0,0
1251046,8609041490818,5,4,0,6,5,0,0,0,0,0,0
1251047,8612298403252,5,4,0,6,5,0,0,0,0,0,0
1251048,8610739460475,5,4,0,6,4,1,0,0,0,0,0
1251049,8609807326185,5,4,0,6,4,1,0,0,0,0,0
1251050,8611999229662,5,4,0,6,5,0,0,0,0,0,0
1251051,8303016824078,6,4,0,7,6,0,0,0,0,0,0
1251052,8319189871474,6,4,0,7,6,0,0,0,0,0,0
1251053,8649684928061,5,4,0,6,4,1,0,0,0,0,0
1251054,8608626692847,5,4,0,6,5,0,0,0,0,0,0
1251055,8611577206219,5,4,0,6,4,1,0,0,0,0,0
1251056,8591433500791,4,4,0,5,4,0,0,0,0,0,0
1251057,8620337849425,4,4,0,5,1,3,0,0,0,0,0
1251058,8573645114643,1,4,0,2,0,1,0,0,0,0,0
1251059,8587072583820,4,4,0,5,4,0,0,0,0,0,0
1251060,8566695321026,3,4,0,4,3,0,0,0,0,0,0
1251061,8607400672244,5,4,0,6,5,0,0,0,0,0,0
1251062,8607384371418,5,4,0,6,5,0,0,0,0,0,0
1251063,8617119831638,5,4,0,6,4,1,0,0,0,0,0
1251064,8612189852443,4,4,0,5,2,2,0,0,0,0,0
1251065,8594901344011,2,4,0,3,1,1,0,0,0,0,0
1251066,8588922029299,5,4,0,6,4,1,0,0,0,0,0
1251067,8558715710464,3,4,0,4,2,1,0,0,0,0,0
1251068,8607473715630,5,4,0,6,5,0,0,0,0,0,0
1251069,8607378963348,5,4,0,6,5,0,0,0,0,0,0
1251070,8331839626853,6,4,0,7,6,0,0,0,0,0,0
1251071,8614695450920,4,4,0,5,1,3,0,0,0,0,0
1251072,8317634099392,5,4,0,6,4,1,0,0,0,0,0
1251073,8323696814197,4,4,0,5,3,1,0,0,0,0,0
1251074,8535387447865,1,4,0,2,0,1,0,0,0,0,0
1251075,8585183812163,2,4,0,3,1,1,0,0,0,0,0
1251076,8505355002418,0,4,0,1,0,0,0,0,0,0,0
1251077,8525736568750,1,4,0,2,1,0,0,0,0,0,0
1251078,8683775442095,4,4,0,5,3,1,0,0,0,0,0
1251079,8553704045683,2,4,0,3,2,0,0,0,0,0,0
1251080,8625706302144,2,4,0,3,1,1,0,0,0,0,0
1251081,8616938494545,5,4,0,6,5,0,0,0,0,0,0
1251082,8577499337121,2,4,0,3,1,1,0,0,0,0,0
1251083,8569630598953,3,4,0,4,2,1,0,0,0,0,0
1251084,8308957539261,6,4,0,7,6,0,0,0,0,0,0
1251085,8554252135053,4,4,0,5,4,0,0,0,0,0,0
1251086,8576050567347,3,4,0,4,2,1,0,0,0,0,0
1251087,8525593201202,1,4,0,2,1,0,0,0,0,0,0
1251088,8555589513399,2,4,0,3,1,1,0,0,0,0,0
1251089,8594715579759,2,4,0,3,0,2,0,0,0,0,0
1251090,8545985405875,2,4,0,3,2,0,0,0,0,0,0
1251091,8553832120441,2,4,0,3,0,2,0,0,0,0,0
1251092,8599392288880,4,4,0,5,2,2,0,0,0,0,0
1251093,8550670334466,2,4,0,3,0,2,0,0,0,0,0
1251094,8553080636153,2,4,0,3,1,1,0,0,0,0,0
1251095,8505047503956,0,4,0,1,0,0,0,0,0,0,0
1251096,8596373320909,4,4,0,5,4,0,0,0,0,0,0
1251097,8320950759174,4,4,0,5,4,0,0,0,0,0,0
1251098,8607254081209,5,4,0,6,5,0,0,0,0,0,0
1251099,8617875531372,5,4,0,6,4,1,0,0,0,0,0
1251100,8696354908995,5,4,0,6,5,0,0,0,0,0,0
1251101,8504950754881,0,4,0,1,0,0,0,0,0,0,0
1251102,8545862189875,2,4,0,3,2,0,0,0,0,0,0
1251103,8504918311100,0,4,0,1,0,0,0,0,0,0,0
1251104,8504902089256,0,4,0,1,0,0,0,0,0,0,0
1251105,8504885867442,0,4,0,1,0,0,0,0,0,0,0
1251106,8525333435071,1,4,0,2,1,0,0,0,0,0,0
1251107,8605690782180,3,4,0,4,2,1,0,0,0,0,0
1251108,8694600422241,5,4,0,6,4,1,0,0,0,0,0
1251109,8588330680092,4,4,0,5,3,1,0,0,0,0,0
1251110,8291376872788,6,4,0,7,6,0,0,0,0,0,0
1251111,8596250216004,3,4,0,4,3,0,0,0,0,0,0
1251112,8573737527141,3,4,0,4,2,1,0,0,0,0,0
1251113,8531052141509,5,4,0,6,5,0,0,0,0,0,0
1251114,8299611397668,6,4,0,7,6,0,0,0,0,0,0
1251115,8280296880749,6,4,0,7,6,0,0,0,0,0,0
1251116,8532709581010,1,4,0,2,0,1,0,0,0,0,0
1251117,8609099967176,5,4,0,6,5,0,0,0,0,0,0
1251118,8525564677074,1,4,0,2,1,0,0,0,0,0,0
1251119,8611732855328,5,4,0,6,5,0,0,0,0,0,0
1251120,8504644695496,0,4,0,1,0,0,0,0,0,0,0
1251121,8592844310818,4,4,0,5,3,1,0,0,0,0,0
1251122,8599627574946,2,4,0,3,2,0,0,0,0,0,0
1251123,8613460007812,5,4,0,6,5,0,0,0,0,0,0
1251124,8613106223115,3,4,0,4,2,1,0,0,0,0,0
1251125,8613442970509,5,4,0,6,5,0,0,0,0,0,0
1251126,8299165987698,5,4,0,6,4,1,0,0,0,0,0
1251127,8613753541197,5,4,0,6,5,0,0,0,0,0,0
1251128,8626484319339,5,4,0,6,4,1,0,0,0,0,0
1251129,8526557426250,1,4,0,2,1,0,0,0,0,0,0
1251130,8604483139370,1,4,0,2,0,1,0,0,0,0,0
1251131,8540952160522,4,4,0,5,3,1,0,0,0,0,0
1251132,8614676834864,5,4,0,6,4,1,0,0,0,0,0
1251133,8614885155857,5,4,0,6,5,0,0,0,0,0,0
1251134,8619092411224,4,4,0,5,2,2,0,0,0,0,0
1251135,8534402195124,1,4,0,2,1,0,0,0,0,0,0
1251136,8692617061364,5,4,0,6,5,0,0,0,0,0,0
1251137,8504369753435,0,4,0,1,0,0,0,0,0,0,0
1251138,8526464893987,1,4,0,2,1,0,0,0,0,0,0
1251139,8548559950226,2,4,0,3,2,0,0,0,0,0,0
1251140,8548543645145,2,4,0,3,2,0,0,0,0,0,0
1251141,8599198284531,3,4,0,4,2,1,0,0,0,0,0
1251142,8602511061708,4,4,0,5,3,1,0,0,0,0,0
1251143,8504272455741,0,4,0,1,0,0,0,0,0,0,0
1251144,8584317128626,5,4,0,6,4,1,0,0,0,0,0
1251145,8504240083943,0,4,0,1,0,0,0,0,0,0,0
1251146,8592667960224,4,4,0,5,4,0,0,0,0,0,0
1251147,8570377230447,5,4,0,6,5,0,0,0,0,0,0
1251148,8571950938650,5,4,0,6,5,0,0,0,0,0,0
1251149,8568311821266,5,4,0,6,5,0,0,0,0,0,0
1251150,8572948872905,5,4,0,6,5,0,0,0,0,0,0
1251151,8804143095582,3,4,0,4,3,0,0,0,0,0,0
1251152,8347702190188,3,4,0,4,2,1,0,0,0,0,0
1251153,8395891895430,5,4,0,6,2,3,0,0,0,0,0
1251154,8604443902195,2,4,0,3,1,1,0,0,0,0,0
1251155,8285014235860,3,4,0,4,2,1,0,0,0,0,0
1251156,8601010382127,2,4,0,3,1,1,0,0,0,0,0
1251157,8681670400042,4,4,0,5,1,3,0,0,0,0,0
1251158,8559405449023,3,4,0,4,2,1,0,0,0,0,0
1251159,8347695004798,3,4,0,4,2,1,0,0,0,0,0
1251160,8356040320348,3,4,0,4,2,1,0,0,0,0,0
1251161,8600930112207,2,4,0,3,1,1,0,0,0,0,0
1251162,8600913892146,2,4,0,3,1,1,0,0,0,0,0
1251163,8600897672115,2,4,0,3,1,1,0,0,0,0,0
1251164,8292873896913,3,4,0,4,1,2,0,0,0,0,0
1251165,8347551076206,3,4,0,4,2,1,0,0,0,0,0
1251166,8583842036061,1,4,0,2,0,1,0,0,0,0,0
1251167,7946130836544,2,4,0,3,0,2,0,0,0,0,0
1251168,8600818709358,2,4,0,3,2,0,0,0,0,0,0
1251169,8600802450742,2,4,0,3,2,0,0,0,0,0,0
1251170,8600786311861,2,4,0,3,2,0,0,0,0,0,0
1251171,8600769926791,2,4,0,3,2,0,0,0,0,0,0
1251172,8600753953645,2,4,0,3,2,0,0,0,0,0,0
1251173,8311989156755,3,4,0,4,2,1,0,0,0,0,0
1251174,8588813754629,1,4,0,2,1,0,0,0,0,0,0
1251175,8600705656544,2,4,0,3,2,0,0,0,0,0,0
1251176,8363957099650,3,4,0,4,3,0,0,0,0,0,0
1251177,8363991165010,3,4,0,4,3,0,0,0,0,0,0
1251178,8357407287689,3,4,0,4,3,0,0,0,0,0,0
1251179,8363961236673,3,4,0,4,3,0,0,0,0,0,0
1251180,8587017464655,3,4,0,4,1,2,0,0,0,0,0
1251181,8363979544061,3,4,0,4,3,0,0,0,0,0,0
1251182,8600594461346,2,4,0,3,2,0,0,0,0,0,0
1251183,8363997559936,3,4,0,4,3,0,0,0,0,0,0
1251184,8600562241185,2,4,0,3,2,0,0,0,0,0,0
1251185,7987902891850,2,4,0,3,2,0,0,0,0,0,0
1251186,8385243560740,3,4,0,4,2,1,0,0,0,0,0
1251187,8568864113690,3,4,0,4,3,0,0,0,0,0,0
1251188,8603900688109,2,4,0,3,1,1,0,0,0,0,0
1251189,8597762836592,2,4,0,3,1,1,0,0,0,0,0
1251190,8355347053555,4,4,0,5,3,1,0,0,0,0,0
1251191,8064009805924,2,4,0,3,2,0,0,0,0,0,0
1251192,8441689299436,3,4,0,4,3,0,0,0,0,0,0
1251193,8610269378079,3,4,0,4,3,0,0,0,0,0,0
1251194,8318134884226,2,4,0,3,2,0,0,0,0,0,0
1251195,8566991442251,3,4,0,4,2,1,0,0,0,0,0
1251196,8611941570842,3,4,0,4,3,0,0,0,0,0,0
1251197,8612254909521,3,4,0,4,3,0,0,0,0,0,0
1251198,9014281824138,5,4,0,6,2,3,0,0,0,0,0
1251199,8290844439012,4,4,0,5,4,0,0,0,0,0,0
1251200,8323202160331,2,4,0,3,2,0,0,0,0,0,0
1251201,8610714920546,3,4,0,4,3,0,0,0,0,0,0
1251202,8612175616944,3,4,0,4,3,0,0,0,0,0,0
1251203,8303154024880,4,4,0,5,4,0,0,0,0,0,0
1251204,8585828094950,4,4,0,5,4,0,0,0,0,0,0
1251205,8606270307307,5,4,0,6,5,0,0,0,0,0,0
1251206,8593730846619,2,4,0,3,2,0,0,0,0,0,0
1251207,8607869408164,5,4,0,6,5,0,0,0,0,0,0
1251208,8613730925183,5,4,0,6,5,0,0,0,0,0,0
1251209,8591767355710,4,4,0,5,3,1,0,0,0,0,0
1251210,8612222961957,5,4,0,6,5,0,0,0,0,0,0
1251211,8612226841002,5,4,0,6,5,0,0,0,0,0,0
1251212,8717840915259,5,4,0,6,4,1,0,0,0,0,0
1251213,8609197051456,5,4,0,6,5,0,0,0,0,0,0
1251214,8588603828907,4,4,0,5,4,0,0,0,0,0,0
1251215,8612153581990,5,4,0,6,5,0,0,0,0,0,0
1251216,8612139729126,5,4,0,6,5,0,0,0,0,0,0
1251217,8527408241215,2,4,0,3,1,1,0,0,0,0,0
1251218,8604642386337,3,4,0,4,2,1,0,0,0,0,0
1251219,8294314634289,4,4,0,5,3,1,0,0,0,0,0
1251220,8585565808375,4,4,0,5,4,0,0,0,0,0,0
1251221,8181215057850,6,4,0,7,5,1,0,0,0,0,0
1251222,8585500408739,4,4,0,5,4,0,0,0,0,0,0
1251223,8547022125432,4,4,0,5,4,0,0,0,0,0,0
1251224,8482315123485,4,4,0,5,4,0,0,0,0,0,0
1251225,8298694521944,6,4,0,7,6,0,0,0,0,0,0
1251226,8612003746916,4,4,0,5,3,1,0,0,0,0,0
1251227,8611953861687,5,4,0,6,5,0,0,0,0,0,0
1251228,8288600231998,6,4,0,7,6,0,0,0,0,0,0
1251229,8301758373708,6,4,0,7,6,0,0,0,0,0,0
1251230,8609880432086,5,4,0,6,4,1,0,0,0,0,0
1251231,8608534969226,5,4,0,6,5,0,0,0,0,0,0
1251232,8429651534904,5,4,0,6,3,2,0,0,0,0,0
1251233,8786686847633,5,4,0,6,3,2,0,0,0,0,0
1251234,8611042752922,5,4,0,6,4,1,0,0,0,0,0
1251235,8611696306013,5,4,0,6,5,0,0,0,0,0,0
1251236,8606727116940,5,4,0,6,5,0,0,0,0,0,0
1251237,8621153388939,5,4,0,6,0,5,0,0,0,0,0
1251238,8589283129364,4,4,0,5,3,1,0,0,0,0,0
1251239,8290609298784,6,4,0,7,6,0,0,0,0,0,0
1251240,8285369910243,6,4,0,7,6,0,0,0,0,0,0
1251241,8593955148305,3,4,0,4,2,1,0,0,0,0,0
1251242,8604825590777,5,4,0,6,5,0,0,0,0,0,0
1251243,8328524023439,3,4,0,4,1,2,0,0,0,0,0
1251244,8603338470853,3,4,0,4,2,1,0,0,0,0,0
1251245,8584446016136,2,4,0,3,1,1,0,0,0,0,0
1251246,8163864535676,2,4,0,3,0,2,0,0,0,0,0
1251247,8686608414486,4,4,0,5,0,4,0,0,0,0,0
1251248,8604841286927,5,4,0,6,5,0,0,0,0,0,0
1251249,8604830661645,5,4,0,6,5,0,0,0,0,0,0
1251250,8634785795235,5,4,0,6,3,2,0,0,0,0,0
1251251,8604804175331,5,4,0,6,5,0,0,0,0,0,0
1251252,8293737063682,6,4,0,7,6,0,0,0,0,0,0
1251253,8532470602019,3,4,0,4,1,2,0,0,0,0,0
1251254,8321688924838,4,4,0,5,4,0,0,0,0,0,0
1251255,8706395247825,5,4,0,6,5,0,0,0,0,0,0
1251256,8596966549226,5,4,0,6,4,1,0,0,0,0,0
1251257,8300101924447,6,4,0,7,6,0,0,0,0,0,0
1251258,8628646453810,5,4,0,6,4,1,0,0,0,0,0
1251259,8604654845818,5,4,0,6,5,0,0,0,0,0,0
1251260,8298166329507,6,4,0,7,6,0,0,0,0,0,0
1251261,8584840020634,5,4,0,6,3,2,0,0,0,0,0
1251262,8538963449147,5,4,0,6,3,2,0,0,0,0,0
1251263,8591941394989,2,4,0,3,0,2,0,0,0,0,0
1251264,8316804167369,4,4,0,5,4,0,0,0,0,0,0
1251265,8301949351515,6,4,0,7,6,0,0,0,0,0,0
1251266,8605920037002,5,4,0,6,4,1,0,0,0,0,0
1251267,8606087802330,5,4,0,6,5,0,0,0,0,0,0
1251268,8575334748106,5,4,0,6,3,2,0,0,0,0,0
1251269,8605681794863,5,4,0,6,2,3,0,0,0,0,0
1251270,8327998337136,6,4,0,7,6,0,0,0,0,0,0
1251271,8607716162316,5,4,0,6,5,0,0,0,0,0,0
1251272,8569837395732,4,4,0,5,4,0,0,0,0,0,0
1251273,8301108735452,6,4,0,7,4,2,0,0,0,0,0
1251274,8720175985251,5,4,0,6,4,1,0,0,0,0,0
1251275,8254965372478,5,4,0,6,3,2,0,0,0,0,0
1251276,8604259169248,5,4,0,6,5,0,0,0,0,0,0
1251277,8610399008219,5,4,0,6,2,3,0,0,0,0,0
1251278,8616111844031,4,4,0,5,3,1,0,0,0,0,0
1251279,8525254227483,5,4,0,6,2,3,0,0,0,0,0
1251280,8605900589087,3,4,0,4,1,2,0,0,0,0,0
1251281,8589181444801,5,4,0,6,2,3,0,0,0,0,0
1251282,8546961590482,4,4,0,5,2,2,0,0,0,0,0
1251283,8604737504785,5,4,0,6,3,2,0,0,0,0,0
1251284,8580382549791,3,4,0,4,2,1,0,0,0,0,0
1251285,8522336936350,1,4,0,2,1,0,0,0,0,0,0
1251286,8544284279841,2,4,0,3,1,1,0,0,0,0,0
1251287,8487509837816,3,4,0,4,1,2,0,0,0,0,0
1251288,8309002175952,6,4,0,7,6,0,0,0,0,0,0
1251289,8603906668739,5,4,0,6,5,0,0,0,0,0,0
1251290,8365538168975,6,4,0,7,6,0,0,0,0,0,0
1251291,8361178412247,4,4,0,5,3,1,0,0,0,0,0
1251292,8538571508493,2,4,0,3,1,1,0,0,0,0,0
1251293,8603842634868,5,4,0,6,5,0,0,0,0,0,0
1251294,8649236072710,5,4,0,6,3,2,0,0,0,0,0
1251295,8605339542277,5,4,0,6,5,0,0,0,0,0,0
1251296,8603793873372,5,4,0,6,5,0,0,0,0,0,0
1251297,8080636563732,6,4,0,7,5,1,0,0,0,0,0
1251298,8601741790283,3,4,0,4,3,0,0,0,0,0,0
1251299,8324043840118,5,4,0,6,4,1,0,0,0,0,0
1251300,8526193852360,5,4,0,6,1,4,0,0,0,0,0
1251301,8278317922899,6,4,0,7,6,0,0,0,0,0,0
1251302,8591532251310,5,4,0,6,1,4,0,0,0,0,0
1251303,8625567912012,5,4,0,6,4,1,0,0,0,0,0
1251304,8583446092160,4,4,0,5,3,1,0,0,0,0,0
1251305,8587753430631,4,4,0,5,4,0,0,0,0,0,0
1251306,8687737100383,5,4,0,6,5,0,0,0,0,0,0
1251307,8563414128435,4,4,0,5,3,1,0,0,0,0,0
1251308,8601754303179,5,4,0,6,5,0,0,0,0,0,0
1251309,8571663639055,3,4,0,4,3,0,0,0,0,0,0
1251310,8560131514331,1,4,0,2,0,1,0,0,0,0,0
1251311,8562377549099,3,4,0,4,2,1,0,0,0,0,0
1251312,8425995311683,2,4,0,3,2,0,0,0,0,0,0
1251313,8579539779236,3,4,0,4,3,0,0,0,0,0,0
1251314,8609713563971,5,4,0,6,5,0,0,0,0,0,0
1251315,8589437035693,2,4,0,3,2,0,0,0,0,0,0
1251316,8589420630314,2,4,0,3,2,0,0,0,0,0,0
1251317,8589529449598,2,4,0,3,2,0,0,0,0,0,0
1251318,8428947300786,2,4,0,3,1,1,0,0,0,0,0
1251319,8396201072520,6,4,0,7,6,0,0,0,0,0,0
1251320,8404348645088,6,4,0,7,6,0,0,0,0,0,0
1251321,8364440748131,6,4,0,7,3,3,0,0,0,0,0
1251322,8551457077081,2,4,0,3,2,0,0,0,0,0,0
1251323,8601510165537,5,4,0,6,5,0,0,0,0,0,0
1251324,8600781756143,4,4,0,5,3,1,0,0,0,0,0
1251325,8501357000341,0,4,0,1,0,0,0,0,0,0,0
1251326,8501340785289,0,4,0,1,0,0,0,0,0,0,0
1251327,8501324570268,0,4,0,1,0,0,0,0,0,0,0
1251328,8541875678048,2,4,0,3,2,0,0,0,0,0,0
1251329,8501292140319,0,4,0,1,0,0,0,0,0,0,0
1251330,8595269740142,4,4,0,5,3,1,0,0,0,0,0
1251331,8501259710495,0,4,0,1,0,0,0,0,0,0,0
1251332,8562267615486,3,4,0,4,3,0,0,0,0,0,0
1251333,8513335105331,5,4,0,6,4,1,0,0,0,0,0
1251334,8501200000000,0,4,1,0,0,0,0,0,0,0,0
1251335,8590383674274,2,4,0,3,1,1,0,0,0,0,0
1251336,8603803814083,4,4,0,5,2,2,0,0,0,0,0
1251337,8360698189437,6,4,0,7,6,0,0,0,0,0,0
1251338,8505118049037,2,4,0,3,0,2,0,0,0,0,0
1251339,8577472051214,3,4,0,4,2,1,0,0,0,0,0
1251340,8602566380238,5,4,0,6,5,0,0,0,0,0,0
1251341,8600989179973,3,4,0,4,3,0,0,0,0,0,0
1251342,8531692750028,3,4,0,4,2,1,0,0,0,0,0
1251343,8578692491032,5,4,0,6,4,1,0,0,0,0,0
1251344,8602578670535,5,4,0,6,5,0,0,0,0,0,0
1251345,8604120382922,5,4,0,6,5,0,0,0,0,0,0
1251346,8602546434366,5,4,0,6,5,0,0,0,0,0,0
1251347,8224300736983,6,4,0,7,5,1,0,0,0,0,0
1251348,8604083601026,4,4,0,5,1,3,0,0,0,0,0
1251349,13513731962351,5,4,0,6,2,3,0,0,0,0,0
1251350,8500953700990,0,4,0,1,0,0,0,0,0,0,0
1251351,8500937486708,0,4,0,1,0,0,0,0,0,0,0
1251352,8500921272456,0,4,0,1,0,0,0,0,0,0,0
1251353,8541652433996,2,4,0,3,2,0,0,0,0,0,0
1251354,8521288191651,1,4,0,2,1,0,0,0,0,0,0
1251355,8500872629887,0,4,0,1,0,0,0,0,0,0,0
1251356,8602956421105,5,4,0,6,5,0,0,0,0,0,0
1251357,8553482621596,3,4,0,4,3,0,0,0,0,0,0
1251358,8604508232103,5,4,0,6,4,1,0,0,0,0,0
1251359,8601559349199,3,4,0,4,2,1,0,0,0,0,0
1251360,8601321801147,3,4,0,4,3,0,0,0,0,0,0
1251361,8601314787585,3,4,0,4,3,0,0,0,0,0,0
1251362,8601289373231,2,4,0,3,1,1,0,0,0,0,0
1251363,8601291171001,3,4,0,4,3,0,0,0,0,0,0
1251364,8601274957121,3,4,0,4,3,0,0,0,0,0,0
1251365,8356295616923,2,4,0,3,2,0,0,0,0,0,0
1251366,8601271220735,3,4,0,4,3,0,0,0,0,0,0
1251367,8599728790898,3,4,0,4,2,1,0,0,0,0,0
1251368,8601349141156,3,4,0,4,2,1,0,0,0,0,0
1251369,8295369242372,4,4,0,5,3,1,0,0,0,0,0
1251370,8602644420685,3,4,0,4,2,1,0,0,0,0,0
1251371,8602873885050,5,4,0,6,5,0,0,0,0,0,0
1251372,8297152308229,6,4,0,7,6,0,0,0,0,0,0
1251373,8602705910462,5,4,0,6,4,1,0,0,0,0,0
1251374,8529131528906,3,4,0,4,2,1,0,0,0,0,0
1251375,8602809541796,5,4,0,6,5,0,0,0,0,0,0
1251376,8314825067395,5,4,0,6,5,0,0,0,0,0,0
1251377,8602766076719,5,4,0,6,5,0,0,0,0,0,0
1251378,8810502323093,4,4,0,5,2,2,0,0,0,0,0
1251379,8198997454597,6,4,0,7,5,1,0,0,0,0,0
1251380,8601075246309,3,4,0,4,1,2,0,0,0,0,0
1251381,8597921450884,4,4,0,5,2,2,0,0,0,0,0
1251382,8624632581529,5,4,0,6,5,0,0,0,0,0,0
1251383,8588422071786,3,4,0,4,2,1,0,0,0,0,0
1251384,8582211316551,4,4,0,5,4,0,0,0,0,0,0
1251385,8298840103053,5,4,0,6,5,0,0,0,0,0,0
1251386,8569293087124,3,4,0,4,2,1,0,0,0,0,0
1251387,8520833073037,1,4,0,2,1,0,0,0,0,0,0
1251388,8520816820826,1,4,0,2,1,0,0,0,0,0,0
1251389,8602744310155,5,4,0,6,5,0,0,0,0,0,0
1251390,8587515257529,5,4,0,6,4,1,0,0,0,0,0
1251391,8448709074358,5,4,0,6,2,3,0,0,0,0,0
1251392,8500277163757,0,4,0,1,0,0,0,0,0,0,0
1251393,8541274288533,2,4,0,3,2,0,0,0,0,0,0
1251394,8590321402666,2,4,0,3,1,1,0,0,0,0,0
1251395,8318989476582,4,4,0,5,4,0,0,0,0,0,0
1251396,8578685729801,5,4,0,6,3,2,0,0,0,0,0
1251397,8570896737561,3,4,0,4,1,2,0,0,0,0,0
1251398,8569267814001,3,4,0,4,3,0,0,0,0,0,0
1251399,8520737877794,1,4,0,2,1,0,0,0,0,0,0
1251400,8541337971858,2,4,0,3,2,0,0,0,0,0,0
1251401,8541321680541,2,4,0,3,2,0,0,0,0,0,0
1251402,8520710530541,1,4,0,2,1,0,0,0,0,0,0
1251403,8500099459144,0,4,0,1,0,0,0,0,0,0,0
1251404,8567361921461,3,4,0,4,3,0,0,0,0,0,0
1251405,8603568297015,5,4,0,6,5,0,0,0,0,0,0
1251406,8603859692159,5,4,0,6,5,0,0,0,0,0,0
1251407,8500034609304,0,4,0,1,0,0,0,0,0,0,0
1251408,8541296756806,2,4,0,3,2,0,0,0,0,0,0
1251409,8612154741702,5,4,0,6,5,0,0,0,0,0,0
1251410,8578024527409,3,4,0,4,2,1,0,0,0,0,0
1251411,8515283901913,4,4,0,5,2,2,0,0,0,0,0
1251412,8536900307580,3,4,0,4,2,1,0,0,0,0,0
1251413,8531592440850,4,4,0,5,3,1,0,0,0,0,0
1251414,8596369043565,4,4,0,5,3,1,0,0,0,0,0
1251415,8559905401577,2,4,0,3,2,0,0,0,0,0,0
1251416,8520650528971,1,4,0,2,1,0,0,0,0,0,0
1251417,8499872977042,0,4,0,1,0,0,0,0,0,0,0
1251418,8562140546225,3,4,0,4,3,0,0,0,0,0,0
1251419,8499840552631,0,4,0,1,0,0,0,0,0,0,0
1251420,8541346703015,2,4,0,3,2,0,0,0,0,0,0
1251421,8499808128343,0,4,0,1,0,0,0,0,0,0,0
1251422,8582836324550,4,4,0,5,4,0,0,0,0,0,0
1251423,8499775704179,0,4,0,1,0,0,0,0,0,0,0
1251424,8520520515024,1,4,0,2,1,0,0,0,0,0,0
1251425,8583003564841,2,4,0,3,1,1,0,0,0,0,0
1251426,8520950277991,1,4,0,2,1,0,0,0,0,0,0
1251427,8563380242808,3,4,0,4,3,0,0,0,0,0,0
1251428,8590407502865,2,4,0,3,1,1,0,0,0,0,0
1251429,8506477651211,5,4,0,6,4,1,0,0,0,0,0
1251430,8499662438803,0,4,0,1,0,0,0,0,0,0,0
1251431,8543844471646,2,4,0,3,2,0,0,0,0,0,0
1251432,8499630015195,0,4,0,1,0,0,0,0,0,0,0
1251433,8499613803438,0,4,0,1,0,0,0,0,0,0,0
1251434,8521696587591,1,4,0,2,1,0,0,0,0,0,0
1251435,8565878241217,3,4,0,4,3,0,0,0,0,0,0
1251436,8606659874984,2,4,0,3,2,0,0,0,0,0,0
1251437,8598144100724,3,4,0,4,2,1,0,0,0,0,0
1251438,8597369725892,5,4,0,6,5,0,0,0,0,0,0
1251439,8594811831660,5,4,0,6,4,1,0,0,0,0,0
1251440,8595746732205,4,4,0,5,3,1,0,0,0,0,0
1251441,8501641611704,5,4,0,6,5,0,0,0,0,0,0
1251442,8587862928373,4,4,0,5,4,0,0,0,0,0,0
1251443,8549654578772,5,4,0,6,2,3,0,0,0,0,0
1251444,8599534497519,4,4,0,5,4,0,0,0,0,0,0
1251445,8547518286131,2,4,0,3,2,0,0,0,0,0,0
1251446,8567398857268,3,4,0,4,2,1,0,0,0,0,0
1251447,8586081203911,2,4,0,3,1,1,0,0,0,0,0
1251448,8593366304927,4,4,0,5,3,1,0,0,0,0,0
1251449,8587748662052,4,4,0,5,4,0,0,0,0,0,0
1251450,8587732366527,4,4,0,5,4,0,0,0,0,0,0
1251451,8587715902423,4,4,0,5,4,0,0,0,0,0,0
1251452,8521404470442,1,4,0,2,1,0,0,0,0,0,0
1251453,8551388217156,2,4,0,3,1,1,0,0,0,0,0
1251454,8499273809848,0,4,0,1,0,0,0,0,0,0,0
1251455,8565551934449,3,4,0,4,3,0,0,0,0,0,0
1251456,8577137378736,3,4,0,4,2,1,0,0,0,0,0
1251457,8523023097972,1,4,0,2,1,0,0,0,0,0,0
1251458,8521306951176,1,4,0,2,1,0,0,0,0,0,0
1251459,8499192754766,0,4,0,1,0,0,0,0,0,0,0
1251460,8543648827997,5,4,0,6,5,0,0,0,0,0,0
1251461,8555459042009,5,4,0,6,5,0,0,0,0,0,0
1251462,8571039992216,3,4,0,4,3,0,0,0,0,0,0
1251463,8499128140535,0,4,0,1,0,0,0,0,0,0,0
1251464,8499111929735,0,4,0,1,0,0,0,0,0,0,0
1251465,8543291100975,2,4,0,3,2,0,0,0,0,0,0
1251466,8320703582878,3,4,0,4,1,2,0,0,0,0,0
1251467,8587454291546,4,4,0,5,4,0,0,0,0,0,0
1251468,8521145220052,1,4,0,2,1,0,0,0,0,0,0
1251469,8546626110209,2,4,0,3,1,1,0,0,0,0,0
1251470,8590804772305,4,4,0,5,3,1,0,0,0,0,0
1251471,8498999022168,0,4,0,1,0,0,0,0,0,0,0
1251472,8498982811614,0,4,0,1,0,0,0,0,0,0,0
1251473,8498966601091,0,4,0,1,0,0,0,0,0,0,0
1251474,8543145016919,2,4,0,3,2,0,0,0,0,0,0
1251475,8498934180137,0,4,0,1,0,0,0,0,0,0,0
1251476,8498917969707,0,4,0,1,0,0,0,0,0,0,0
1251477,8498901759307,0,4,0,1,0,0,0,0,0,0,0
1251478,8498885548938,0,4,0,1,0,0,0,0,0,0,0
1251479,8520966441018,1,4,0,2,1,0,0,0,0,0,0
1251480,8498853128294,0,4,0,1,0,0,0,0,0,0,0
1251481,8610933936143,2,4,0,3,1,1,0,0,0,0,0
1251482,8498820707773,0,4,0,1,0,0,0,0,0,0,0
1251483,8570194591481,3,4,0,4,2,1,0,0,0,0,0
1251484,8498788287376,0,4,0,1,0,0,0,0,0,0,0
1251485,8498772077224,0,4,0,1,0,0,0,0,0,0,0
1251486,8498755867102,0,4,0,1,0,0,0,0,0,0,0
1251487,8520836380115,1,4,0,2,1,0,0,0,0,0,0
1251488,8498723446952,0,4,0,1,0,0,0,0,0,0,0
1251489,8498707236924,0,4,0,1,0,0,0,0,0,0,0
1251490,8542884304548,2,4,0,3,2,0,0,0,0,0,0
1251491,8259321168274,3,4,0,4,1,2,0,0,0,0,0
1251492,8498659309005,0,4,0,1,0,0,0,0,0,0,0
1251493,8522439388581,1,4,0,2,0,1,0,0,0,0,0
1251494,8566616033983,3,4,0,4,2,1,0,0,0,0,0
1251495,8498610679379,0,4,0,1,0,0,0,0,0,0,0
1251496,8520690857321,1,4,0,2,1,0,0,0,0,0,0
1251497,8520674605392,1,4,0,2,1,0,0,0,0,0,0
1251498,8498562050031,0,4,0,1,0,0,0,0,0,0,0
1251499,8498545840311,0,4,0,1,0,0,0,0,0,0,0
1251500,8528529630621,1,4,0,2,1,0,0,0,0,0,0
1251501,8586898129114,4,4,0,5,4,0,0,0,0,0,0
1251502,8569884775934,3,4,0,4,2,1,0,0,0,0,0
1251503,8585165673279,2,4,0,3,1,1,0,0,0,0,0
1251504,8328728295529,3,4,0,4,1,2,0,0,0,0,0
1251505,8590737242970,3,4,0,4,2,1,0,0,0,0,0
1251506,8498432923811,0,4,0,1,0,0,0,0,0,0,0
1251507,8542608565521,2,4,0,3,2,0,0,0,0,0,0
1251508,8542592271785,2,4,0,3,2,0,0,0,0,0,0
1251509,8520480136780,1,4,0,2,1,0,0,0,0,0,0
1251510,8520463885266,1,4,0,2,1,0,0,0,0,0,0
1251511,8498351876748,0,4,0,1,0,0,0,0,0,0,0
1251512,8542527139324,2,4,0,3,2,0,0,0,0,0,0
1251513,8586702149055,4,4,0,5,4,0,0,0,0,0,0
1251514,8545893837829,2,4,0,3,1,1,0,0,0,0,0
1251515,8342955180311,4,4,0,5,4,0,0,0,0,0,0
1251516,8524271356901,1,4,0,2,1,0,0,0,0,0,0
1251517,8520350653258,1,4,0,2,1,0,0,0,0,0,0
1251518,8541174610661,5,4,0,6,4,1,0,0,0,0,0
1251519,8666208811947,4,4,0,5,4,0,0,0,0,0,0
1251520,8586588334171,4,4,0,5,4,0,0,0,0,0,0
1251521,8561411445516,3,4,0,4,3,0,0,0,0,0,0
1251522,8539434766394,5,4,0,6,4,1,0,0,0,0,0
1251523,8544048511530,2,4,0,3,1,1,0,0,0,0,0
1251524,8559328629427,3,4,0,4,2,1,0,0,0,0,0
1251525,8670015971760,4,4,0,5,3,1,0,0,0,0,0
1251526,8498109708375,0,4,0,1,0,0,0,0,0,0,0
1251527,8520188584750,1,4,0,2,1,0,0,0,0,0,0
1251528,8552198502390,5,4,0,6,5,0,0,0,0,0,0
1251529,8520156190334,1,4,0,2,1,0,0,0,0,0,0
1251530,8498044980615,0,4,0,1,0,0,0,0,0,0,0
1251531,8520123688829,1,4,0,2,1,0,0,0,0,0,0
1251532,8564297187583,3,4,0,4,3,0,0,0,0,0,0
1251533,8520091229306,1,4,0,2,1,0,0,0,0,0,0
1251534,8542169726883,2,4,0,3,2,0,0,0,0,0,0
1251535,8596540506934,3,4,0,4,2,1,0,0,0,0,0
1251536,8497947728672,0,4,0,1,0,0,0,0,0,0,0
1251537,8594808124188,2,4,0,3,2,0,0,0,0,0,0
1251538,8586293925812,4,4,0,5,4,0,0,0,0,0,0
1251539,8587977349003,4,4,0,5,3,1,0,0,0,0,0
1251540,8497882894662,0,4,0,1,0,0,0,0,0,0,0
1251541,8497866686236,0,4,0,1,0,0,0,0,0,0,0
1251542,8544641656698,5,4,0,6,4,1,0,0,0,0,0
1251543,8532686107277,3,4,0,4,1,2,0,0,0,0,0
1251544,8591294730697,4,4,0,5,2,2,0,0,0,0,0
1251545,8597802118540,1,4,0,2,1,0,0,0,0,0,0
1251546,8630077558305,2,4,0,3,0,2,0,0,0,0,0
1251547,8497769702028,0,4,0,1,0,0,0,0,0,0,0
1251548,8541941896259,2,4,0,3,2,0,0,0,0,0,0
1251549,8574217067050,2,4,0,3,1,1,0,0,0,0,0
1251550,8497721077493,0,4,0,1,0,0,0,0,0,0,0
1251551,8497704869376,0,4,0,1,0,0,0,0,0,0,0
1251552,8589970759237,4,4,0,5,4,0,0,0,0,0,0
1251553,8548634179430,5,4,0,6,5,0,0,0,0,0,0
1251554,8497656358715,0,4,0,1,0,0,0,0,0,0,0
1251555,8562222339019,1,4,0,2,0,1,0,0,0,0,0
1251556,8497623942759,0,4,0,1,0,0,0,0,0,0,0
1251557,8497607734828,0,4,0,1,0,0,0,0,0,0,0
1251558,8541779087123,2,4,0,3,2,0,0,0,0,0,0
1251559,7934665062872,2,4,0,3,1,1,0,0,0,0,0
1251560,7971493400687,2,4,0,3,2,0,0,0,0,0,0
1251561,8584220702698,2,4,0,3,2,0,0,0,0,0,0
1251562,7971700578966,2,4,0,3,2,0,0,0,0,0,0
1251563,8584189497568,2,4,0,3,2,0,0,0,0,0,0
1251564,8327937670397,3,4,0,4,1,2,0,0,0,0,0
1251565,8585682898397,2,4,0,3,1,1,0,0,0,0,0
1251566,8539559761990,3,4,0,4,2,1,0,0,0,0,0
1251567,8563483304684,3,4,0,4,3,0,0,0,0,0,0
1251568,8546049629849,3,4,0,4,2,1,0,0,0,0,0
1251569,8575511213772,3,4,0,4,1,2,0,0,0,0,0
1251570,8541588208858,2,4,0,3,2,0,0,0,0,0,0
1251571,8540215745121,5,4,0,6,4,1,0,0,0,0,0
1251572,8582343204362,1,4,0,2,0,1,0,0,0,0,0
1251573,7934862079963,2,4,0,3,1,1,0,0,0,0,0
1251574,8585711105388,4,4,0,5,4,0,0,0,0,0,0
1251575,8551346430407,5,4,0,6,5,0,0,0,0,0,0
1251576,8585678384431,4,4,0,5,4,0,0,0,0,0,0
1251577,8358495206924,2,4,0,3,1,1,0,0,0,0,0
1251578,8585646584035,4,4,0,5,4,0,0,0,0,0,0
1251579,8582230557332,1,4,0,2,0,1,0,0,0,0,0
1251580,8582214188049,1,4,0,2,1,0,0,0,0,0,0
1251581,8594094041977,2,4,0,3,1,1,0,0,0,0,0
1251582,8595777367214,3,4,0,4,2,1,0,0,0,0,0
1251583,8551218355567,5,4,0,6,5,0,0,0,0,0,0
1251584,8551293286637,5,4,0,6,5,0,0,0,0,0,0
1251585,8603034832957,4,4,0,5,3,1,0,0,0,0,0
1251586,7934424636268,2,4,0,3,1,1,0,0,0,0,0
1251587,8453524973170,5,4,0,6,5,0,0,0,0,0,0
1251588,8551159882707,5,4,0,6,5,0,0,0,0,0,0
1251589,8585467797769,4,4,0,5,3,1,0,0,0,0,0
1251590,8551222497397,5,4,0,6,5,0,0,0,0,0,0
1251591,8551182354877,5,4,0,6,5,0,0,0,0,0,0
1251592,8558185610999,3,4,0,4,2,1,0,0,0,0,0
1251593,8585405937009,4,4,0,5,4,0,0,0,0,0,0
1251594,8551135128093,5,4,0,6,5,0,0,0,0,0,0
1251595,8558115633366,3,4,0,4,2,1,0,0,0,0,0
1251596,8476767115951,5,4,0,6,3,2,0,0,0,0,0
1251597,8595537685314,6,4,2,5,4,0,0,0,0,0,0
1251598,8598535976914,4,4,0,5,1,3,0,0,0,0,0
1251599,8551074601898,5,4,0,6,5,0,0,0,0,0,0
1251600,8600111092680,4,4,0,5,2,2,0,0,0,0,0
1251601,8552170561700,5,4,0,6,5,0,0,0,0,0,0
1251602,8546393047438,5,4,0,6,5,0,0,0,0,0,0
1251603,8538963796428,3,4,0,4,1,2,0,0,0,0,0
1251604,8585224152218,3,4,0,4,1,2,0,0,0,0,0
1251605,8332021827298,3,4,0,4,2,1,0,0,0,0,0
1251606,8595387542126,3,4,0,4,3,0,0,0,0,0,0
1251607,8550898035813,5,4,0,6,5,0,0,0,0,0,0
1251608,8550974239014,5,4,0,6,5,0,0,0,0,0,0
1251609,8564669753668,3,4,0,4,3,0,0,0,0,0,0
1251610,8550872218943,5,4,0,6,5,0,0,0,0,0,0
1251611,8551409488887,5,4,0,6,5,0,0,0,0,0,0
1251612,8551391863270,5,4,0,6,5,0,0,0,0,0,0
1251613,8553537550006,5,4,0,6,5,0,0,0,0,0,0
1251614,8554686197187,5,4,0,6,5,0,0,0,0,0,0
1251615,8585047111744,4,4,0,5,4,0,0,0,0,0,0
1251616,8550845291936,3,4,0,4,2,1,0,0,0,0,0
1251617,8324349270297,4,4,0,5,3,1,0,0,0,0,0
1251618,8554686326577,5,4,0,6,5,0,0,0,0,0,0
1251619,8603294636014,4,4,0,5,2,2,0,0,0,0,0
1251620,8554700612571,5,4,0,6,5,0,0,0,0,0,0
1251621,8496582290748,0,4,0,1,0,0,0,0,0,0,0
1251622,8540750026931,2,4,0,3,2,0,0,0,0,0,0
1251623,8576417600042,3,4,0,4,2,1,0,0,0,0,0
1251624,8584897791707,4,4,0,5,4,0,0,0,0,0,0
1251625,8550699442239,3,4,0,4,2,1,0,0,0,0,0
1251626,8540683194285,2,4,0,3,2,0,0,0,0,0,0
1251627,8542366162348,2,4,0,3,1,1,0,0,0,0,0
1251628,8593328779412,2,4,0,3,1,1,0,0,0,0,0
1251629,8550494424720,5,4,0,6,5,0,0,0,0,0,0
1251630,8596694771389,3,4,0,4,2,1,0,0,0,0,0
1251631,8551358547238,5,4,0,6,5,0,0,0,0,0,0
1251632,8316703584232,4,4,0,5,3,1,0,0,0,0,0
1251633,8568570119978,3,4,0,4,2,1,0,0,0,0,0
1251634,8540553622982,2,4,0,3,2,0,0,0,0,0,0
1251635,8518446764931,1,4,0,2,1,0,0,0,0,0,0
1251636,8540521043392,2,4,0,3,2,0,0,0,0,0,0
1251637,8329545875581,3,4,0,4,2,1,0,0,0,0,0
1251638,8593166401110,2,4,0,3,1,1,0,0,0,0,0
1251639,8550309719686,5,4,0,6,5,0,0,0,0,0,0
1251640,8550409160454,5,4,0,6,5,0,0,0,0,0,0
1251641,8552290425238,4,4,0,5,3,1,0,0,0,0,0
1251642,8553468807486,5,4,0,6,5,0,0,0,0,0,0
1251643,8589923673282,4,4,0,5,2,2,0,0,0,0,0
1251644,8472402424368,5,4,0,6,4,1,0,0,0,0,0
1251645,8608195423674,4,4,0,5,2,2,0,0,0,0,0
1251646,8522179218468,1,4,0,2,1,0,0,0,0,0,0
1251647,8577726333756,1,4,0,2,0,1,0,0,0,0,0
1251648,8562416921758,3,4,0,4,3,0,0,0,0,0,0
1251649,8496130603033,0,4,0,1,0,0,0,0,0,0,0
1251650,8540294277070,2,4,0,3,2,0,0,0,0,0,0
1251651,8562367885179,3,4,0,4,3,0,0,0,0,0,0
1251652,8595449212672,4,4,0,5,2,2,0,0,0,0,0
1251653,8540245409208,2,4,0,3,2,0,0,0,0,0,0
1251654,8543100229072,5,4,0,6,4,1,0,0,0,0,0
1251655,8547822478105,2,4,0,3,0,2,0,0,0,0,0
1251656,8524017289023,1,4,0,2,0,1,0,0,0,0,0
1251657,8169890419474,4,4,0,5,3,1,0,0,0,0,0
1251658,8546111972284,5,4,0,6,5,0,0,0,0,0,0
1251659,8592823896301,2,4,0,3,1,1,0,0,0,0,0
1251660,8314715984014,4,4,0,5,3,1,0,0,0,0,0
1251661,8525937825135,3,4,0,4,1,2,0,0,0,0,0
1251662,8530042714714,3,4,0,4,2,1,0,0,0,0,0
1251663,8551092124158,5,4,0,6,5,0,0,0,0,0,0
1251664,8758915902653,4,4,0,5,2,2,0,0,0,0,0
1251665,8587629636862,4,4,0,5,3,1,0,0,0,0,0
1251666,8527983372926,5,4,0,6,4,1,0,0,0,0,0
1251667,8495841033287,0,4,0,1,0,0,0,0,0,0,0
1251668,8540003202113,2,4,0,3,2,0,0,0,0,0,0
1251669,8495808624257,0,4,0,1,0,0,0,0,0,0,0
1251670,8552879576568,5,4,0,6,5,0,0,0,0,0,0
1251671,8584132558239,4,4,0,5,4,0,0,0,0,0,0
1251672,8517849131134,1,4,0,2,1,0,0,0,0,0,0
1251673,8582400661461,2,4,0,3,1,1,0,0,0,0,0
1251674,8534966261340,3,4,0,4,2,1,0,0,0,0,0
1251675,8549771774108,5,4,0,6,5,0,0,0,0,0,0
1251676,8584051275367,4,4,0,5,4,0,0,0,0,0,0
1251677,8584035028980,4,4,0,5,4,0,0,0,0,0,0
1251678,8553710805080,5,4,0,6,5,0,0,0,0,0,0
1251679,8553761371674,5,4,0,6,5,0,0,0,0,0,0
1251680,8563575021051,3,4,0,4,3,0,0,0,0,0,0
1251681,8550619348027,5,4,0,6,0,5,0,0,0,0,0
1251682,8585592824574,5,4,0,6,0,5,0,0,0,0,0
1251683,8595926910239,5,4,0,6,0,5,0,0,0,0,0
1251684,8583920741036,4,4,0,5,0,4,0,0,0,0,0
1251685,8600491216350,5,4,0,6,4,1,0,0,0,0,0
1251686,8583888396748,4,4,0,5,0,4,0,0,0,0,0
1251687,8585604205227,5,4,0,6,0,5,0,0,0,0,0
1251688,8585098688553,5,4,0,6,0,5,0,0,0,0,0
1251689,8585611497933,5,4,0,6,0,5,0,0,0,0,0
1251690,8590619828218,4,4,0,5,1,3,0,0,0,0,0
1251691,8603315986741,2,4,0,3,2,0,0,0,0,0,0
1251692,8583790578026,4,4,0,5,4,0,0,0,0,0,0
1251693,8592783047633,4,4,0,5,2,2,0,0,0,0,0
1251694,8578646635012,5,4,0,6,5,0,0,0,0,0,0
1251695,8667564737610,4,4,0,5,3,1,0,0,0,0,0
1251696,8549501407357,5,4,0,6,5,0,0,0,0,0,0
1251697,8550037851936,5,4,0,6,5,0,0,0,0,0,0
1251698,8593886961663,3,4,0,4,3,0,0,0,0,0,0
1251699,8583675945242,4,4,0,5,4,0,0,0,0,0,0
1251700,7911844351091,3,4,0,4,1,2,0,0,0,0,0
1251701,8520778768353,1,4,0,2,0,1,0,0,0,0,0
1251702,8589539731269,4,4,0,5,3,1,0,0,0,0,0
1251703,8571717733150,2,4,0,3,2,0,0,0,0,0,0
1251704,8546214856951,5,4,0,6,5,0,0,0,0,0,0
1251705,8547095651080,5,4,0,6,5,0,0,0,0,0,0
1251706,8517299452778,1,4,0,2,1,0,0,0,0,0,0
1251707,8592041071982,2,4,0,3,2,0,0,0,0,0,0
1251708,8604966046686,4,4,0,5,3,1,0,0,0,0,0
1251709,8543789347749,5,4,0,6,5,0,0,0,0,0,0
1251710,8581797872137,3,4,0,4,3,0,0,0,0,0,0
1251711,8549326114092,5,4,0,6,5,0,0,0,0,0,0
1251712,8548573885711,4,4,0,5,4,0,0,0,0,0,0
1251713,8550826503517,5,4,0,6,5,0,0,0,0,0,0
1251714,8583431696437,4,4,0,5,3,1,0,0,0,0,0
1251715,8583416038794,4,4,0,5,4,0,0,0,0,0,0
1251716,8495050263143,0,4,0,1,0,0,0,0,0,0,0
1251717,8495034060121,0,4,0,1,0,0,0,0,0,0,0
1251718,8593560252225,4,4,0,5,4,0,0,0,0,0,0
1251719,8517717130683,5,4,0,6,3,2,0,0,0,0,0
1251720,8549017903898,5,4,0,6,5,0,0,0,0,0,0
1251721,8605056534003,4,4,0,5,3,1,0,0,0,0,0
1251722,8648739241514,3,4,0,4,1,2,0,0,0,0,0
1251723,8583284638586,4,4,0,5,4,0,0,0,0,0,0
1251724,8539445827113,5,4,0,6,5,0,0,0,0,0,0
1251725,8567078475040,3,4,0,4,3,0,0,0,0,0,0
1251726,8573041765919,2,4,0,3,0,2,0,0,0,0,0
1251727,8547791058363,5,4,0,6,5,0,0,0,0,0,0
1251728,8516943056158,1,4,0,2,1,0,0,0,0,0,0
1251729,8516926769539,1,4,0,2,1,0,0,0,0,0,0
1251730,8561083693512,3,4,0,4,2,1,0,0,0,0,0
1251731,8494807737829,0,4,0,1,0,0,0,0,0,0,0
1251732,8589051035602,4,4,0,5,3,1,0,0,0,0,0
1251733,8545504063703,3,4,0,4,1,2,0,0,0,0,0
1251734,8581405949243,2,4,0,3,2,0,0,0,0,0,0
1251735,8583088618473,4,4,0,5,2,2,0,0,0,0,0
1251736,8591567133143,2,4,0,3,1,1,0,0,0,0,0
1251737,8549431598161,5,4,0,6,5,0,0,0,0,0,0
1251738,8542780911477,2,4,0,3,2,0,0,0,0,0,0
1251739,8516764540900,1,4,0,2,1,0,0,0,0,0,0
1251740,8538834460138,2,4,0,3,2,0,0,0,0,0,0
1251741,8538818173590,2,4,0,3,2,0,0,0,0,0,0
1251742,8516715807680,1,4,0,2,1,0,0,0,0,0,0
1251743,8582377008172,3,4,0,4,2,1,0,0,0,0,0
1251744,8516683319017,1,4,0,2,1,0,0,0,0,0,0
1251745,8581226014358,2,4,0,3,2,0,0,0,0,0,0
1251746,8582908563214,4,4,0,5,4,0,0,0,0,0,0
1251747,8550839571936,5,4,0,6,5,0,0,0,0,0,0
1251748,8593069468012,3,4,0,4,2,1,0,0,0,0,0
1251749,8535290250462,1,4,0,2,0,1,0,0,0,0,0
1251750,8516586041285,1,4,0,2,1,0,0,0,0,0,0
1251751,8589558713618,3,4,0,4,1,2,0,0,0,0,0
1251752,8581111547612,2,4,0,3,2,0,0,0,0,0,0
1251753,7968734547328,2,4,0,3,2,0,0,0,0,0,0
1251754,8559659265157,3,4,0,4,3,0,0,0,0,0,0
1251755,8581064273945,2,4,0,3,2,0,0,0,0,0,0
1251756,7969005343145,2,4,0,3,2,0,0,0,0,0,0
1251757,8541260156807,3,4,0,4,2,1,0,0,0,0,0
1251758,8550119189910,5,4,0,6,5,0,0,0,0,0,0
1251759,8591193305195,2,4,0,3,2,0,0,0,0,0,0
1251760,8550018392221,5,4,0,6,5,0,0,0,0,0,0
1251761,8543578939420,4,4,0,5,3,1,0,0,0,0,0
1251762,8344045392146,2,4,0,3,1,1,0,0,0,0,0
1251763,8560261050277,3,4,0,4,3,0,0,0,0,0,0
1251764,8548351334304,5,4,0,6,5,0,0,0,0,0,0
1251765,8316678105025,4,4,0,5,3,1,0,0,0,0,0
1251766,8582585809928,4,4,0,5,4,0,0,0,0,0,0
1251767,8584268293710,4,4,0,5,3,1,0,0,0,0,0
1251768,8539984057503,5,4,0,6,4,1,0,0,0,0,0
1251769,8582536624372,4,4,0,5,4,0,0,0,0,0,0
1251770,8586435385886,4,4,0,5,4,0,0,0,0,0,0
1251771,8582503885902,4,4,0,5,4,0,0,0,0,0,0
1251772,8582487600329,4,4,0,5,4,0,0,0,0,0,0
1251773,8570386360974,4,4,0,5,0,4,0,0,0,0,0
1251774,8525822414233,5,4,0,6,2,3,0,0,0,0,0
1251775,8558054073632,3,4,0,4,3,0,0,0,0,0,0
1251776,8582422483631,4,4,0,5,4,0,0,0,0,0,0
1251777,8547446127173,5,4,0,6,5,0,0,0,0,0,0
1251778,8549360443485,3,4,0,4,2,1,0,0,0,0,0
1251779,8559213919859,3,4,0,4,3,0,0,0,0,0,0
1251780,8337831402187,3,4,0,4,2,1,0,0,0,0,0
1251781,8582341416080,4,4,0,5,4,0,0,0,0,0,0
1251782,8551734804893,5,4,0,6,5,0,0,0,0,0,0
1251783,8524419547754,5,4,0,6,3,2,0,0,0,0,0
1251784,8493955129297,0,4,0,1,0,0,0,0,0,0,0
1251785,8582276061663,4,4,0,5,4,0,0,0,0,0,0
1251786,8590753631205,2,4,0,3,1,1,0,0,0,0,0
1251787,8590125610826,3,4,0,4,0,3,0,0,0,0,0
1251788,8571974513087,3,4,0,4,1,2,0,0,0,0,0
1251789,8493874155312,0,4,0,1,0,0,0,0,0,0,0
1251790,8615942027336,2,4,0,3,2,0,0,0,0,0,0
1251791,8547935948741,5,4,0,6,5,0,0,0,0,0,0
1251792,8546704119110,3,4,0,4,1,2,0,0,0,0,0
1251793,8583844373115,4,4,0,5,3,1,0,0,0,0,0
1251794,8548485572266,5,4,0,6,5,0,0,0,0,0,0
1251795,8517559938118,1,4,0,2,1,0,0,0,0,0,0
1251796,8493761070741,0,4,0,1,0,0,0,0,0,0,0
1251797,8582079985306,4,4,0,5,4,0,0,0,0,0,0
1251798,8549818797416,3,4,0,4,2,1,0,0,0,0,0
1251799,8565880042838,3,4,0,4,2,1,0,0,0,0,0
1251800,8550184471192,5,4,0,6,5,0,0,0,0,0,0
1251801,9035579006766,4,4,0,5,3,1,0,0,0,0,0
1251802,8590492209631,1,4,0,2,0,1,0,0,0,0,0
1251803,8523105776526,5,4,0,6,4,1,0,0,0,0,0
1251804,8581966228351,4,4,0,5,4,0,0,0,0,0,0
1251805,8550441607087,5,4,0,6,5,0,0,0,0,0,0
1251806,8592125470867,3,4,0,4,2,1,0,0,0,0,0
1251807,8547629758349,5,4,0,6,5,0,0,0,0,0,0
1251808,8550572401567,5,4,0,6,5,0,0,0,0,0,0
1251809,8594960989362,4,4,0,5,3,1,0,0,0,0,0
1251810,8617316900097,2,4,0,3,1,1,0,0,0,0,0
1251811,8559768329436,3,4,0,4,3,0,0,0,0,0,0
1251812,8545585705448,2,4,0,3,2,0,0,0,0,0,0
1251813,8493486356615,0,4,0,1,0,0,0,0,0,0,0
1251814,8547828469247,1,4,0,2,1,0,0,0,0,0,0
1251815,8493453956566,0,4,0,1,0,0,0,0,0,0,0
1251816,8590263131676,2,4,0,3,1,1,0,0,0,0,0
1251817,8548408797481,5,4,0,6,5,0,0,0,0,0,0
1251818,8507617351260,5,4,0,6,4,1,0,0,0,0,0
1251819,8667555177016,4,4,0,5,4,0,0,0,0,0,0
1251820,8581704519205,4,4,0,5,1,3,0,0,0,0,0
1251821,8581688319381,4,4,0,5,0,4,0,0,0,0,0
1251822,8526022764377,5,4,0,6,2,3,0,0,0,0,0
1251823,8545407546021,2,4,0,3,2,0,0,0,0,0,0
1251824,8547330274207,5,4,0,6,5,0,0,0,0,0,0
1251825,8547383347885,5,4,0,6,5,0,0,0,0,0,0
1251826,8551018029377,5,4,0,6,5,0,0,0,0,0,0
1251827,8542944854138,5,4,0,6,5,0,0,0,0,0,0
1251828,8593409249397,4,4,0,5,4,0,0,0,0,0,0
1251829,8537392924343,2,4,0,3,2,0,0,0,0,0,0
1251830,8507923731472,5,4,0,6,0,5,0,0,0,0,0
1251831,8581525240954,4,4,0,5,0,4,0,0,0,0,0
1251832,8508011879069,5,4,0,6,0,5,0,0,0,0,0
1251833,8589328281058,4,4,0,5,4,0,0,0,0,0,0
1251834,8508040206917,5,4,0,6,0,5,0,0,0,0,0
1251835,8589953920726,2,4,0,3,0,2,0,0,0,0,0
1251836,8333161667777,3,4,0,4,0,3,0,0,0,0,0
1251837,8591620512365,4,4,0,5,2,2,0,0,0,0,0
1251838,8583110500532,4,4,0,5,3,1,0,0,0,0,0
1251839,8547088177565,5,4,0,6,5,0,0,0,0,0,0
1251840,8581379279758,4,4,0,5,4,0,0,0,0,0,0
1251841,8547171089577,5,4,0,6,5,0,0,0,0,0,0
1251842,8590662559228,4,4,0,5,2,2,0,0,0,0,0
1251843,8550184300207,5,4,0,6,5,0,0,0,0,0,0
1251844,8581314399909,4,4,0,5,4,0,0,0,0,0,0
1251845,8550822442640,5,4,0,6,5,0,0,0,0,0,0
1251846,8515035926473,1,4,0,2,1,0,0,0,0,0,0
1251847,8547292914370,2,4,0,3,0,2,0,0,0,0,0
1251848,8537085041064,2,4,0,3,2,0,0,0,0,0,0
1251849,8492905564709,0,4,0,1,0,0,0,0,0,0,0
1251850,8492889365778,0,4,0,1,0,0,0,0,0,0,0
1251851,8492873166877,0,4,0,1,0,0,0,0,0,0,0
1251852,8492856968007,0,4,0,1,0,0,0,0,0,0,0
1251853,8581166481604,4,4,0,5,4,0,0,0,0,0,0
1251854,8540442955639,5,4,0,6,4,1,0,0,0,0,0
1251855,8816588445484,4,4,0,5,3,1,0,0,0,0,0
1251856,8559036450887,3,4,0,4,3,0,0,0,0,0,0
1251857,8492776093879,0,4,0,1,0,0,0,0,0,0,0
1251858,8340251206811,3,4,0,4,2,1,0,0,0,0,0
1251859,8332181074418,2,4,0,3,0,2,0,0,0,0,0
1251860,8521897194747,6,4,1,6,5,0,0,0,0,0,0
1251861,8548742255480,5,4,0,6,5,0,0,0,0,0,0
1251862,8558939941116,3,4,0,4,3,0,0,0,0,0,0
1251863,8536842278581,2,4,0,3,1,1,0,0,0,0,0
1251864,8492664016900,0,4,0,1,0,0,0,0,0,0,0
1251865,8559104605288,2,4,0,3,1,1,0,0,0,0,0
1251866,8533865358258,5,4,0,6,4,1,0,0,0,0,0
1251867,8544696476504,2,4,0,3,2,0,0,0,0,0,0
1251868,8526787458556,5,4,0,6,5,0,0,0,0,0,0
1251869,8530453587713,5,4,0,6,5,0,0,0,0,0,0
1251870,8596728798090,4,4,0,5,3,1,0,0,0,0,0
1251871,8500894404393,3,4,0,4,1,2,0,0,0,0,0
1251872,8546620995067,5,4,0,6,5,0,0,0,0,0,0
1251873,8586459526524,4,4,0,5,3,1,0,0,0,0,0
1251874,8558114524624,3,4,0,4,1,2,0,0,0,0,0
1251875,8580808874963,4,4,0,5,4,0,0,0,0,0,0
1251876,8580792382861,4,4,0,5,4,0,0,0,0,0,0
1251877,8583005357732,4,4,0,5,3,1,0,0,0,0,0
1251878,8546593384610,5,4,0,6,5,0,0,0,0,0,0
1251879,8329394619926,3,4,0,4,2,1,0,0,0,0,0
1251880,8582426117622,4,4,0,5,3,1,0,0,0,0,0
1251881,8729425485826,4,4,0,5,3,1,0,0,0,0,0
1251882,8580694877695,4,4,0,5,4,0,0,0,0,0,0
1251883,8591232754739,2,4,0,3,1,1,0,0,0,0,0
1251884,8589154651260,2,4,0,3,1,1,0,0,0,0,0
1251885,8336169138216,3,4,0,4,2,1,0,0,0,0,0
1251886,8589122695980,2,4,0,3,1,1,0,0,0,0,0
1251887,8336240095802,3,4,0,4,2,1,0,0,0,0,0
1251888,8336276029410,3,4,0,4,2,1,0,0,0,0,0
1251889,8577426638390,2,4,0,3,1,1,0,0,0,0,0
1251890,8282774218753,3,4,0,4,2,1,0,0,0,0,0
1251891,8589043592437,2,4,0,3,2,0,0,0,0,0,0
1251892,8589027102774,2,4,0,3,2,0,0,0,0,0,0
1251893,8352798484518,3,4,0,4,3,0,0,0,0,0,0
1251894,8332297179559,3,4,0,4,2,1,0,0,0,0,0
1251895,8355524809484,3,4,0,4,3,0,0,0,0,0,0
1251896,8588963658917,2,4,0,3,2,0,0,0,0,0,0
1251897,8550897760108,3,4,0,4,2,1,0,0,0,0,0
1251898,8352571773669,3,4,0,4,3,0,0,0,0,0,0
1251899,8352556589223,3,4,0,4,3,0,0,0,0,0,0
1251900,8522087301769,3,4,0,4,0,3,0,0,0,0,0
1251901,8588883422710,2,4,0,3,2,0,0,0,0,0,0
1251902,8588867225370,2,4,0,3,2,0,0,0,0,0,0
1251903,8300772719914,3,4,0,4,2,1,0,0,0,0,0
1251904,8497406724826,2,4,0,3,1,1,0,0,0,0,0
1251905,8522007113581,3,4,0,4,0,3,0,0,0,0,0
1251906,8593220751972,2,4,0,3,1,1,0,0,0,0,0
1251907,8321977170274,3,4,0,4,2,1,0,0,0,0,0
1251908,8749959077560,4,4,0,5,1,3,0,0,0,0,0
1251909,8322052849742,3,4,0,4,2,1,0,0,0,0,0
1251910,8322037950267,3,4,0,4,2,1,0,0,0,0,0
1251911,8546017155429,5,4,0,6,5,0,0,0,0,0,0
1251912,8312555920323,4,4,0,5,3,1,0,0,0,0,0
1251913,8513441069647,5,4,0,6,4,1,0,0,0,0,0
1251914,8424520442273,3,4,0,4,3,0,0,0,0,0,0
1251915,8585381372069,5,4,0,6,5,0,0,0,0,0,0
1251916,8539831852193,5,4,1,5,0,4,0,0,0,0,0
1251917,8592006754659,5,4,0,6,5,0,0,0,0,0,0
1251918,8591049610265,5,4,0,6,5,0,0,0,0,0,0
1251919,8592728748677,5,4,0,6,5,0,0,0,0,0,0
1251920,8594569092725,6,4,1,6,4,1,0,0,0,0,0
1251921,8601620864932,5,4,0,6,5,0,0,0,0,0,0
1251922,8600975379277,5,4,0,6,5,0,0,0,0,0,0
1251923,8531718597193,4,4,0,5,1,3,0,0,0,0,0
1251924,8580023098432,4,4,0,5,4,0,0,0,0,0,0
1251925,8578459798675,5,4,0,6,1,4,0,0,0,0,0
1251926,8598994836810,5,4,0,6,5,0,0,0,0,0,0
1251927,8598774828529,3,4,0,4,1,2,0,0,0,0,0
1251928,8600405765381,5,4,0,6,5,0,0,0,0,0,0
1251929,8598106594573,5,4,0,6,5,0,0,0,0,0,0
1251930,8597574752368,5,4,0,6,5,0,0,0,0,0,0
1251931,8579929331919,4,4,0,5,3,1,0,0,0,0,0
1251932,8595290747768,5,4,1,5,2,2,0,0,0,0,0
1251933,8214686301628,2,4,0,3,0,2,0,0,0,0,0
1251934,8322596776842,2,4,0,3,2,0,0,0,0,0,0
1251935,8322581676862,2,4,0,3,2,0,0,0,0,0,0
1251936,8491500000000,0,4,1,0,0,0,0,0,0,0,0
1251937,8595572886134,3,4,0,4,3,0,0,0,0,0,0
1251938,8322632778190,2,4,0,3,2,0,0,0,0,0,0
1251939,8595267107216,3,4,0,4,3,0,0,0,0,0,0
1251940,8587895828431,5,4,0,6,4,1,0,0,0,0,0
1251941,8596442261140,5,4,0,6,5,0,0,0,0,0,0
1251942,8596509635557,5,4,0,6,5,0,0,0,0,0,0
1251943,8593843691563,5,4,0,6,5,0,0,0,0,0,0
1251944,8582785197076,3,4,0,4,3,0,0,0,0,0,0
1251945,8593661764644,5,4,0,6,5,0,0,0,0,0,0
1251946,8593735287953,5,4,0,6,5,0,0,0,0,0,0
1251947,8816916247471,5,4,0,6,3,2,0,0,0,0,0
1251948,8580995437521,2,4,0,3,1,1,0,0,0,0,0
1251949,8612623457780,5,4,0,6,4,1,0,0,0,0,0
1251950,8593541064304,5,4,0,6,5,0,0,0,0,0,0
1251951,8277286793796,6,4,0,7,6,0,0,0,0,0,0
1251952,8596823752433,5,4,0,6,4,1,0,0,0,0,0
1251953,8595583465815,5,4,0,6,3,2,0,0,0,0,0
1251954,8279041306900,6,4,0,7,6,0,0,0,0,0,0
1251955,8491204217572,0,4,0,1,0,0,0,0,0,0,0
1251956,8491188021885,0,4,0,1,0,0,0,0,0,0,0
1251957,8514759551634,1,4,0,2,0,1,0,0,0,0,0
1251958,8491155630604,0,4,0,1,0,0,0,0,0,0,0
1251959,8511583945473,1,4,0,2,1,0,0,0,0,0,0
1251960,8491123239447,0,4,0,1,0,0,0,0,0,0,0
1251961,8491107043915,0,4,0,1,0,0,0,0,0,0,0
1251962,8593987602607,4,4,0,5,3,1,0,0,0,0,0
1251963,8536268798952,3,4,0,4,3,0,0,0,0,0,0
1251964,8528700772709,3,4,0,4,2,1,0,0,0,0,0
1251965,8593347977898,5,4,0,6,5,0,0,0,0,0,0
1251966,8276453986803,5,4,0,6,4,1,0,0,0,0,0
1251967,8279916078486,6,4,0,7,6,0,0,0,0,0,0
1251968,8567481587914,3,4,0,4,1,2,0,0,0,0,0
1251969,8490979023658,0,4,0,1,0,0,0,0,0,0,0
1251970,8490962828401,0,4,0,1,0,0,0,0,0,0,0
1251971,8672727567988,5,4,0,6,5,0,0,0,0,0,0
1251972,8490930437979,0,4,0,1,0,0,0,0,0,0,0
1251973,8272755951516,6,4,0,7,6,0,0,0,0,0,0
1251974,8593118422082,5,4,0,6,5,0,0,0,0,0,0
1251975,8608973097874,5,4,0,6,4,1,0,0,0,0,0
1251976,8511308268926,1,4,0,2,1,0,0,0,0,0,0
1251977,8587610609233,3,4,0,4,3,0,0,0,0,0,0
1251978,8490833919062,0,4,0,1,0,0,0,0,0,0,0
1251979,8591006299276,5,4,0,6,4,1,0,0,0,0,0
1251980,8572582634623,2,4,0,3,0,2,0,0,0,0,0
1251981,8586168712174,3,4,0,4,2,1,0,0,0,0,0
1251982,8592934994199,5,4,0,6,5,0,0,0,0,0,0
1251983,8271475532471,6,4,0,7,6,0,0,0,0,0,0
1251984,8689260504039,5,4,0,6,4,1,0,0,0,0,0
1251985,8309888816889,4,4,0,5,4,0,0,0,0,0,0
1251986,8281481359159,6,4,0,7,6,0,0,0,0,0,0
1251987,8592753975589,5,4,0,6,5,0,0,0,0,0,0
1251988,8592783359043,5,4,0,6,4,1,0,0,0,0,0
1251989,8592873739524,5,4,0,6,5,0,0,0,0,0,0
1251990,8588428687649,5,4,0,6,2,3,0,0,0,0,0
1251991,8591269933871,4,4,0,5,1,3,0,0,0,0,0
1251992,8281719797644,6,4,0,7,6,0,0,0,0,0,0
1251993,8592779597585,5,4,0,6,5,0,0,0,0,0,0
1251994,8526894425565,3,4,0,4,2,1,0,0,0,0,0
1251995,8279820818209,6,4,0,7,6,0,0,0,0,0,0
1251996,8581726630177,3,4,0,4,3,0,0,0,0,0,0
1251997,8274357436713,6,4,0,7,6,0,0,0,0,0,0
1251998,8328323968530,3,4,0,4,3,0,0,0,0,0,0
1251999,8591100308454,3,4,0,4,3,0,0,0,0,0,0
1252000,8177117025879,6,4,0,7,5,1,0,0,0,0,0
1252001,8664870009036,4,4,0,5,4,0,0,0,0,0,0
1252002,8592693817891,5,4,0,6,4,1,0,0,0,0,0
1252003,8572175338649,4,4,0,5,4,0,0,0,0,0,0
1252004,8490418255513,0,4,0,1,0,0,0,0,0,0,0
1252005,8551280591225,4,4,0,5,2,2,0,0,0,0,0
1252006,8572142926968,4,4,0,5,4,0,0,0,0,0,0
1252007,8520369673042,3,4,0,4,0,3,0,0,0,0,0
1252008,8561681333223,4,4,0,5,3,1,0,0,0,0,0
1252009,8531138739532,4,4,0,5,4,0,0,0,0,0,0
1252010,8522498296561,4,4,0,5,3,1,0,0,0,0,0
1252011,8601815556863,5,4,0,6,4,1,0,0,0,0,0
1252012,8590288990114,1,4,0,2,1,0,0,0,0,0,0
1252013,8490272796173,0,4,0,1,0,0,0,0,0,0,0
1252014,8510700880337,1,4,0,2,0,1,0,0,0,0,0
1252015,8490240408383,0,4,0,1,0,0,0,0,0,0,0
1252016,8490224214535,0,4,0,1,0,0,0,0,0,0,0
1252017,8512226169051,1,4,0,2,0,1,0,0,0,0,0
1252018,8490191826931,0,4,0,1,0,0,0,0,0,0,0
1252019,8490175633175,0,4,0,1,0,0,0,0,0,0,0
1252020,8531134176422,2,4,0,3,2,0,0,0,0,0,0
1252021,8592728442992,5,4,0,6,5,0,0,0,0,0,0
1252022,8581780572573,3,4,0,4,2,1,0,0,0,0,0
1252023,8592758983104,5,4,0,6,5,0,0,0,0,0,0
1252024,8593792052913,5,4,0,6,4,1,0,0,0,0,0
1252025,8591413961500,5,4,0,6,4,1,0,0,0,0,0
1252026,8572195236569,4,4,0,5,4,0,0,0,0,0,0
1252027,8592770335473,5,4,0,6,5,0,0,0,0,0,0
1252028,8551629387255,2,4,0,3,2,0,0,0,0,0,0
1252029,8516013707379,1,4,0,2,1,0,0,0,0,0,0
1252030,8489997513963,0,4,0,1,0,0,0,0,0,0,0
1252031,8489981320578,0,4,0,1,0,0,0,0,0,0,0
1252032,8597267605853,5,4,0,6,5,0,0,0,0,0,0
1252033,8606010020546,5,4,0,6,5,0,0,0,0,0,0
1252034,8600295735446,5,4,0,6,5,0,0,0,0,0,0
1252035,8751436635857,5,4,0,6,2,3,0,0,0,0,0
1252036,8554445712217,3,4,0,4,2,1,0,0,0,0,0
1252037,8511399263281,1,4,0,2,1,0,0,0,0,0,0
1252038,8556089100390,3,4,0,4,3,0,0,0,0,0,0
1252039,8489851810531,0,4,0,1,0,0,0,0,0,0,0
1252040,8489835617424,0,4,0,1,0,0,0,0,0,0,0
1252041,8328081882133,3,4,0,4,3,0,0,0,0,0,0
1252042,8561950889018,3,4,0,4,2,1,0,0,0,0,0
1252043,8589967277574,5,4,1,5,4,0,0,0,0,0,0
1252044,8600109057393,5,4,0,6,5,0,0,0,0,0,0
1252045,8583142880236,4,4,0,5,3,1,0,0,0,0,0
1252046,8641812377639,3,4,0,4,3,0,0,0,0,0,0
1252047,8489722821214,0,4,0,1,0,0,0,0,0,0,0
1252048,8577999745681,4,4,0,5,4,0,0,0,0,0,0
1252049,8567660016290,5,4,0,6,5,0,0,0,0,0,0
1252050,8579518807743,3,4,0,4,1,2,0,0,0,0,0
1252051,8639731264926,3,4,0,4,2,1,0,0,0,0,0
1252052,8511715030095,1,4,0,2,1,0,0,0,0,0,0
1252053,8586407644133,2,4,0,3,1,1,0,0,0,0,0
1252054,8552609626625,2,4,0,3,0,2,0,0,0,0,0
1252055,8586375300582,2,4,0,3,2,0,0,0,0,0,0
1252056,8102164586298,3,4,0,4,2,1,0,0,0,0,0
1252057,8586343767881,2,4,0,3,2,0,0,0,0,0,0
1252058,7948721968438,2,4,0,3,1,1,0,0,0,0,0
1252059,8590306331034,2,4,0,3,1,1,0,0,0,0,0
1252060,7969593018416,2,4,0,3,2,0,0,0,0,0,0
1252061,8586281433757,2,4,0,3,2,0,0,0,0,0,0
1252062,8570982890825,2,4,0,3,1,1,0,0,0,0,0
1252063,8595801043844,4,4,0,5,3,1,0,0,0,0,0
1252064,8550512665290,3,4,0,4,2,1,0,0,0,0,0
1252065,8298444139097,3,4,0,4,2,1,0,0,0,0,0
1252066,8543418257643,5,4,0,6,5,0,0,0,0,0,0
1252067,8543493324683,5,4,0,6,5,0,0,0,0,0,0
1252068,8358641522541,2,4,0,3,2,0,0,0,0,0,0
1252069,8543391431672,5,4,0,6,5,0,0,0,0,0,0
1252070,8581041225342,4,4,0,5,2,2,0,0,0,0,0
1252071,8546659589501,5,4,0,6,3,2,0,0,0,0,0
1252072,8577668028785,4,4,0,5,4,0,0,0,0,0,0
1252073,8592617811787,4,4,0,5,0,4,0,0,0,0,0
1252074,8147335111756,3,4,0,4,1,2,0,0,0,0,0
1252075,8570772898519,1,4,0,2,0,1,0,0,0,0,0
1252076,8370075106763,5,4,0,6,3,2,0,0,0,0,0
1252077,8577532498373,4,4,0,5,4,0,0,0,0,0,0
1252078,8587994832387,4,4,0,5,3,1,0,0,0,0,0
1252079,8575801572959,2,4,0,3,2,0,0,0,0,0,0
1252080,8577484844136,4,4,0,5,4,0,0,0,0,0,0
1252081,8545954001798,5,4,0,6,5,0,0,0,0,0,0
1252082,8547101545088,5,4,0,6,5,0,0,0,0,0,0
1252083,8510938176273,5,4,0,6,5,0,0,0,0,0,0
1252084,8544707968320,5,4,0,6,5,0,0,0,0,0,0
1252085,8594884229975,4,4,0,5,3,1,0,0,0,0,0
1252086,8547147257516,5,4,0,6,5,0,0,0,0,0,0
1252087,8577371529884,4,4,0,5,4,0,0,0,0,0,0
1252088,8593773758495,4,4,0,5,3,1,0,0,0,0,0
1252089,8575638381546,2,4,0,3,0,2,0,0,0,0,0
1252090,7963651964805,2,4,0,3,2,0,0,0,0,0,0
1252091,8585793756802,2,4,0,3,2,0,0,0,0,0,0
1252092,8587475618114,2,4,0,3,1,1,0,0,0,0,0
1252093,7963686850028,2,4,0,3,2,0,0,0,0,0,0
1252094,7963830170453,2,4,0,3,2,0,0,0,0,0,0
1252095,8672682532088,4,4,0,5,2,2,0,0,0,0,0
1252096,8587412379704,3,4,0,4,2,1,0,0,0,0,0
1252097,8577209869451,4,4,0,5,4,0,0,0,0,0,0
1252098,8577194005154,4,4,0,5,4,0,0,0,0,0,0
1252099,8577177201846,4,4,0,5,4,0,0,0,0,0,0
1252100,8546610367110,5,4,0,6,5,0,0,0,0,0,0
1252101,8578842442225,4,4,0,5,3,1,0,0,0,0,0
1252102,8228505516735,4,4,0,5,3,1,0,0,0,0,0
1252103,8586667788564,4,4,0,5,4,0,0,0,0,0,0
1252104,8662953521998,4,4,0,5,4,0,0,0,0,0,0
1252105,8565194730824,2,4,0,3,1,1,0,0,0,0,0
1252106,8510850103302,1,4,0,2,1,0,0,0,0,0,0
1252107,8532904696157,2,4,0,3,2,0,0,0,0,0,0
1252108,8488746853105,0,4,0,1,0,0,0,0,0,0,0
1252109,8488730662105,0,4,0,1,0,0,0,0,0,0,0
1252110,8488714471136,0,4,0,1,0,0,0,0,0,0,0
1252111,8510768979914,1,4,0,2,1,0,0,0,0,0,0
1252112,8588682089291,1,4,0,2,0,1,0,0,0,0,0
1252113,8488665898415,0,4,0,1,0,0,0,0,0,0,0
1252114,8488649707570,0,4,0,1,0,0,0,0,0,0,0
1252115,8554844984454,3,4,0,4,3,0,0,0,0,0,0
1252116,8488617325972,0,4,0,1,0,0,0,0,0,0,0
1252117,8588766819654,3,4,0,4,1,2,0,0,0,0,0
1252118,8488584944497,0,4,0,1,0,0,0,0,0,0,0
1252119,8538639074650,2,4,0,3,1,1,0,0,0,0,0
1252120,8510622841896,1,4,0,2,1,0,0,0,0,0,0
1252121,8510606609173,1,4,0,2,1,0,0,0,0,0,0
1252122,8556428472879,2,4,0,3,0,2,0,0,0,0,0
1252123,8509435265170,3,4,0,4,1,2,0,0,0,0,0
1252124,8574487977845,3,4,0,4,1,2,0,0,0,0,0
1252125,8512239553670,1,4,0,2,0,1,0,0,0,0,0
1252126,8545892007080,3,4,0,4,1,2,0,0,0,0,0
1252127,8554649469059,3,4,0,4,3,0,0,0,0,0,0
1252128,8534260898385,2,4,0,3,1,1,0,0,0,0,0
1252129,8510477035267,1,4,0,2,1,0,0,0,0,0,0
1252130,7926169963273,2,4,0,3,1,1,0,0,0,0,0
1252131,8576655506546,4,4,0,5,4,0,0,0,0,0,0
1252132,8576639235497,4,4,0,5,4,0,0,0,0,0,0
1252133,8539178575734,5,4,0,6,5,0,0,0,0,0,0
1252134,8542387515812,5,4,0,6,5,0,0,0,0,0,0
1252135,8576590801494,4,4,0,5,4,0,0,0,0,0,0
1252136,8526926707243,5,4,0,6,4,1,0,0,0,0,0
1252137,8744279292007,4,4,0,5,3,1,0,0,0,0,0
1252138,8539193367047,2,4,0,3,0,2,0,0,0,0,0
1252139,8510316395882,1,4,0,2,1,0,0,0,0,0,0
1252140,8262066906413,3,4,0,4,2,1,0,0,0,0,0
1252141,8531148457818,5,4,0,6,4,1,0,0,0,0,0
1252142,8544221417240,2,4,0,3,1,1,0,0,0,0,0
1252143,8488182944911,0,4,0,1,0,0,0,0,0,0,0
1252144,8510236030631,1,4,0,2,1,0,0,0,0,0,0
1252145,8578125132644,4,4,0,5,3,1,0,0,0,0,0
1252146,8590272800251,4,4,0,5,2,2,0,0,0,0,0
1252147,8576394782900,4,4,0,5,4,0,0,0,0,0,0
1252148,8566171144974,3,4,0,4,2,1,0,0,0,0,0
1252149,8511852491416,1,4,0,2,0,1,0,0,0,0,0
1252150,8554276685370,3,4,0,4,3,0,0,0,0,0,0
1252151,8533889002304,2,4,0,3,1,1,0,0,0,0,0
1252152,8488037236706,0,4,0,1,0,0,0,0,0,0,0
1252153,8488021047060,0,4,0,1,0,0,0,0,0,0,0
1252154,8488004857444,0,4,0,1,0,0,0,0,0,0,0
1252155,8582195105729,4,4,0,5,4,0,0,0,0,0,0
1252156,8487972478306,0,4,0,1,0,0,0,0,0,0,0
1252157,8510025017218,1,4,0,2,1,0,0,0,0,0,0
1252158,8487940099292,0,4,0,1,0,0,0,0,0,0,0
1252159,8509992554078,1,4,0,2,1,0,0,0,0,0,0
1252160,8487907720401,0,4,0,1,0,0,0,0,0,0,0
1252161,8509960091073,1,4,0,2,1,0,0,0,0,0,0
1252162,8509943859611,1,4,0,2,1,0,0,0,0,0,0
1252163,8318203968546,4,4,0,5,3,1,0,0,0,0,0
1252164,8543590631074,2,4,0,3,0,2,0,0,0,0,0
1252165,8514279795794,5,4,0,6,4,1,0,0,0,0,0
1252166,8487811301191,0,4,0,1,0,0,0,0,0,0,0
1252167,8554000040116,3,4,0,4,3,0,0,0,0,0,0
1252168,8594705693451,4,4,0,5,1,3,0,0,0,0,0
1252169,8510394708420,5,4,0,6,4,1,0,0,0,0,0
1252170,8487746715045,0,4,0,1,0,0,0,0,0,0,0
1252171,8487730525953,0,4,0,1,0,0,0,0,0,0,0
1252172,8531850535622,2,4,0,3,2,0,0,0,0,0,0
1252173,8487698147861,0,4,0,1,0,0,0,0,0,0,0
1252174,8487681958862,0,4,0,1,0,0,0,0,0,0,0
1252175,8529656985254,5,4,0,6,4,1,0,0,0,0,0
1252176,8531785584613,2,4,0,3,2,0,0,0,0,0,0
1252177,8555534731488,3,4,0,4,2,1,0,0,0,0,0
1252178,8509685192030,1,4,0,2,1,0,0,0,0,0,0
1252179,8531736766174,2,4,0,3,2,0,0,0,0,0,0
1252180,8592880868686,4,4,0,5,2,2,0,0,0,0,0
1252181,8531704304414,2,4,0,3,2,0,0,0,0,0,0
1252182,8487552589655,0,4,0,1,0,0,0,0,0,0,0
1252183,8487536400934,0,4,0,1,0,0,0,0,0,0,0
1252184,8560513025283,3,4,0,4,2,1,0,0,0,0,0
1252185,8509571576129,1,4,0,2,1,0,0,0,0,0,0
1252186,8561622855857,3,4,0,4,3,0,0,0,0,0,0
1252187,8509539114713,1,4,0,2,1,0,0,0,0,0,0
1252188,8528586220105,5,4,0,6,4,1,0,0,0,0,0
1252189,8590969200369,4,4,0,5,1,3,0,0,0,0,0
1252190,8509490558423,1,4,0,2,1,0,0,0,0,0,0
1252191,8545636910249,3,4,0,4,2,1,0,0,0,0,0
1252192,8543506039945,3,4,0,4,2,1,0,0,0,0,0
1252193,8603929512269,4,4,0,5,1,3,0,0,0,0,0
1252194,8585812332561,4,4,0,5,2,2,0,0,0,0,0
1252195,8543268781525,5,4,0,6,5,0,0,0,0,0,0
1252196,8512788461667,1,4,0,2,0,1,0,0,0,0,0
1252197,8487310197411,0,4,0,1,0,0,0,0,0,0,0
1252198,8487294009152,0,4,0,1,0,0,0,0,0,0,0
1252199,8509344785336,1,4,0,2,1,0,0,0,0,0,0
1252200,8580621688745,3,4,0,4,1,2,0,0,0,0,0
1252201,8575513091792,4,4,0,5,4,0,0,0,0,0,0
1252202,8541258677159,5,4,0,6,5,0,0,0,0,0,0
1252203,8487213175711,0,4,0,1,0,0,0,0,0,0,0
1252204,8533027893449,2,4,0,3,1,1,0,0,0,0,0
1252205,8509247511754,1,4,0,2,1,0,0,0,0,0,0
1252206,8331204663524,3,4,0,4,2,1,0,0,0,0,0
1252207,7920153007178,3,4,0,4,2,1,0,0,0,0,0
1252208,8637200677760,3,4,0,4,1,2,0,0,0,0,0
1252209,8509184451213,1,4,0,2,1,0,0,0,0,0,0
1252210,8578762588006,4,4,0,5,3,1,0,0,0,0,0
1252211,8534613387064,2,4,0,3,2,0,0,0,0,0,0
1252212,8531202183723,2,4,0,3,2,0,0,0,0,0,0
1252213,8487053151193,0,4,0,1,0,0,0,0,0,0,0
1252214,8575302316184,4,4,0,5,4,0,0,0,0,0,0
1252215,8509087071782,1,4,0,2,1,0,0,0,0,0,0
1252216,8581203392104,4,4,0,5,4,0,0,0,0,0,0
1252217,8540969815166,5,4,0,6,5,0,0,0,0,0,0
1252218,8575237167818,4,4,0,5,4,0,0,0,0,0,0
1252219,8587102618844,3,4,0,4,2,1,0,0,0,0,0
1252220,8638939944935,3,4,0,4,2,1,0,0,0,0,0
1252221,8554819535643,3,4,0,4,2,1,0,0,0,0,0
1252222,8567638171294,4,4,0,5,2,2,0,0,0,0,0
1252223,8532720820626,2,4,0,3,1,1,0,0,0,0,0
1252224,8586875244889,1,4,0,2,0,1,0,0,0,0,0
1252225,8575122728331,4,4,0,5,2,2,0,0,0,0,0
1252226,8362524047121,2,4,0,3,2,0,0,0,0,0,0
1252227,8537676550257,5,4,0,6,5,0,0,0,0,0,0
1252228,8575074405871,4,4,0,5,4,0,0,0,0,0,0
1252229,8520852469717,3,4,0,4,2,1,0,0,0,0,0
1252230,8548873597521,2,4,0,3,1,1,0,0,0,0,0
1252231,8306786934338,5,4,0,6,5,0,0,0,0,0,0
1252232,8540820421597,5,4,0,6,5,0,0,0,0,0,0
1252233,8532773460603,5,4,0,6,4,1,0,0,0,0,0
1252234,8362398212009,2,4,0,3,2,0,0,0,0,0,0
1252235,8583447990496,2,4,0,3,1,1,0,0,0,0,0
1252236,8540639986070,5,4,0,6,5,0,0,0,0,0,0
1252237,8583415343441,2,4,0,3,1,1,0,0,0,0,0
1252238,8585096139937,2,4,0,3,1,1,0,0,0,0,0
1252239,8581685812587,4,4,0,5,3,1,0,0,0,0,0
1252240,8540667833068,5,4,0,6,5,0,0,0,0,0,0
1252241,8579027397935,2,4,0,3,0,2,0,0,0,0,0
1252242,8574847227678,4,4,0,5,4,0,0,0,0,0,0
1252243,8574832086467,4,4,0,5,4,0,0,0,0,0,0
1252244,8574814141084,4,4,0,5,4,0,0,0,0,0,0
1252245,8540610850930,5,4,0,6,5,0,0,0,0,0,0
1252246,8540595040735,5,4,0,6,5,0,0,0,0,0,0
1252247,8574766380839,4,4,0,5,4,0,0,0,0,0,0
1252248,7961421832855,2,4,0,3,2,0,0,0,0,0,0
1252249,8576431127846,2,4,0,3,1,1,0,0,0,0,0
1252250,7924365417532,2,4,0,3,1,1,0,0,0,0,0
1252251,7908602164930,2,4,0,3,0,2,0,0,0,0,0
1252252,8583174344752,2,4,0,3,1,1,0,0,0,0,0
1252253,7961193429413,2,4,0,3,2,0,0,0,0,0,0
1252254,7961572291402,2,4,0,3,2,0,0,0,0,0,0
1252255,8529988398435,3,4,0,4,2,1,0,0,0,0,0
1252256,8540367584964,5,4,0,6,5,0,0,0,0,0,0
1252257,8608350244863,4,4,0,5,3,1,0,0,0,0,0
1252258,8584775763026,2,4,0,3,1,1,0,0,0,0,0
1252259,8332760531657,2,4,0,3,1,1,0,0,0,0,0
1252260,8540256364978,5,4,0,6,5,0,0,0,0,0,0
1252261,8594047861698,4,4,0,5,1,3,0,0,0,0,0
1252262,8563989289916,4,4,0,5,3,1,0,0,0,0,0
1252263,8537996564185,5,4,0,6,5,0,0,0,0,0,0
1252264,8584814539398,4,4,0,5,1,3,0,0,0,0,0
1252265,8537987607973,5,4,0,6,5,0,0,0,0,0,0
1252266,8540276870495,5,4,0,6,5,0,0,0,0,0,0
1252267,8574447340578,4,4,0,5,4,0,0,0,0,0,0
1252268,8540364441063,5,4,0,6,5,0,0,0,0,0,0
1252269,8541875915197,5,4,0,6,5,0,0,0,0,0,0
1252270,8542944239306,5,4,0,6,5,0,0,0,0,0,0
1252271,8544324370656,3,4,0,4,2,1,0,0,0,0,0
1252272,8574364699619,4,4,0,5,4,0,0,0,0,0,0
1252273,8582834413376,2,4,0,3,2,0,0,0,0,0,0
1252274,8574337928438,4,4,0,5,4,0,0,0,0,0,0
1252275,8542613107789,5,4,0,6,5,0,0,0,0,0,0
1252276,8543961112201,5,4,0,6,5,0,0,0,0,0,0
1252277,8573272627192,4,4,0,5,2,2,0,0,0,0,0
1252278,8542157699336,5,4,0,6,5,0,0,0,0,0,0
1252279,8574254969660,4,4,0,5,4,0,0,0,0,0,0
1252280,8539332224011,5,4,0,6,5,0,0,0,0,0,0
1252281,8543168064118,5,4,0,6,5,0,0,0,0,0,0
1252282,8584384744724,4,4,0,5,3,1,0,0,0,0,0
1252283,8504952715760,3,4,0,4,2,1,0,0,0,0,0
1252284,8515433319902,3,4,0,4,2,1,0,0,0,0,0
1252285,8584336271506,3,4,0,4,2,1,0,0,0,0,0
1252286,8543913118638,5,4,0,6,5,0,0,0,0,0,0
1252287,8587472604305,3,4,0,4,2,1,0,0,0,0,0
1252288,8328754900521,4,4,0,5,4,0,0,0,0,0,0
1252289,8584271102039,2,4,0,3,0,2,0,0,0,0,0
1252290,8574071895531,4,4,0,5,4,0,0,0,0,0,0
1252291,8543835155379,5,4,0,6,5,0,0,0,0,0,0
1252292,8584230639728,4,4,0,5,3,1,0,0,0,0,0
1252293,8584209989830,4,4,0,5,2,2,0,0,0,0,0
1252294,8579097881024,4,4,0,5,3,1,0,0,0,0,0
1252295,8587569089806,4,4,0,5,3,1,0,0,0,0,0
1252296,8587556797795,3,4,0,4,0,3,0,0,0,0,0
1252297,8580747193035,4,4,0,5,1,3,0,0,0,0,0
1252298,8583815334000,4,4,0,5,3,1,0,0,0,0,0
1252299,8573924650901,2,4,0,3,1,1,0,0,0,0,0
1252300,8540754144020,5,4,0,6,5,0,0,0,0,0,0
1252301,8547488724486,5,4,0,6,5,0,0,0,0,0,0
1252302,8500554329819,5,4,0,6,3,2,0,0,0,0,0
1252303,8713609147343,3,4,0,4,1,2,0,0,0,0,0
1252304,8559718129882,3,4,0,4,3,0,0,0,0,0,0
1252305,8547389847950,3,4,0,4,2,1,0,0,0,0,0
1252306,8573810680119,4,4,0,5,4,0,0,0,0,0,0
1252307,8488714887703,5,4,0,6,4,1,0,0,0,0,0
1252308,8581715937593,4,4,0,5,3,1,0,0,0,0,0
1252309,8485512337815,0,4,0,1,0,0,0,0,0,0,0
1252310,8278457479879,3,4,0,4,3,0,0,0,0,0,0
1252311,8575426978338,4,4,0,5,4,0,0,0,0,0,0
1252312,8309572179223,4,4,0,5,3,1,0,0,0,0,0
1252313,8564312423187,5,4,0,6,5,0,0,0,0,0,0
1252314,8583877187185,5,4,0,6,5,0,0,0,0,0,0
1252315,8558176509924,5,4,0,6,4,1,0,0,0,0,0
1252316,8745400394829,4,4,0,5,1,3,0,0,0,0,0
1252317,8589752589815,5,4,0,6,5,0,0,0,0,0,0
1252318,8591974135843,5,4,0,6,5,0,0,0,0,0,0
1252319,8595695262477,4,4,0,5,1,3,0,0,0,0,0
1252320,8512120934314,3,4,0,4,3,0,0,0,0,0,0
1252321,8356818148847,4,4,0,5,3,1,0,0,0,0,0
1252322,8514475513668,4,4,0,5,3,1,0,0,0,0,0
1252323,8591599533994,5,4,0,6,5,0,0,0,0,0,0
1252324,8594438699476,5,4,0,6,4,1,0,0,0,0,0
1252325,8485255566142,0,4,0,1,0,0,0,0,0,0,0
1252326,8506534082137,1,4,0,2,1,0,0,0,0,0,0
1252327,8570401836387,4,4,0,5,4,0,0,0,0,0,0
1252328,8506853698701,1,4,0,2,1,0,0,0,0,0,0
1252329,8506837473178,1,4,0,2,1,0,0,0,0,0,0
1252330,8485174644747,0,4,0,1,0,0,0,0,0,0,0
1252331,8549746243561,3,4,0,4,3,0,0,0,0,0,0
1252332,8591785095319,2,4,0,3,1,1,0,0,0,0,0
1252333,8592657160118,5,4,0,6,5,0,0,0,0,0,0
1252334,8584978073047,2,4,0,3,1,1,0,0,0,0,0
1252335,8572754672064,4,4,0,5,4,0,0,0,0,0,0
1252336,8569997861961,2,4,0,3,2,0,0,0,0,0,0
1252337,8571646782207,4,4,0,5,4,0,0,0,0,0,0
1252338,8579176519149,5,4,0,6,4,1,0,0,0,0,0
1252339,8551043404559,3,4,0,4,3,0,0,0,0,0,0
1252340,8529022539796,1,4,0,2,0,1,0,0,0,0,0
1252341,8581571720087,5,4,0,6,5,0,0,0,0,0,0
1252342,8551163600966,3,4,0,4,3,0,0,0,0,0,0
1252343,8538823516788,5,4,0,6,3,2,0,0,0,0,0
1252344,8551131133846,3,4,0,4,3,0,0,0,0,0,0
1252345,8585054619672,4,4,0,5,3,1,0,0,0,0,0
1252346,8529037692280,2,4,0,3,2,0,0,0,0,0,0
1252347,8512051592345,1,4,0,2,0,1,0,0,0,0,0
1252348,8529005156627,2,4,0,3,2,0,0,0,0,0,0
1252349,8573110368093,4,4,0,5,3,1,0,0,0,0,0
1252350,8484851310123,0,4,0,1,0,0,0,0,0,0,0
1252351,8484800000000,0,4,1,0,0,0,0,0,0,0,0
1252352,8584939997557,4,4,0,5,3,1,0,0,0,0,0
1252353,8436211505818,2,4,0,3,1,1,0,0,0,0,0
1252354,8581514006062,2,4,0,3,1,1,0,0,0,0,0
1252355,8486179788819,2,4,0,3,1,1,0,0,0,0,0
1252356,8530046176589,5,4,0,6,5,0,0,0,0,0,0
1252357,8538729946650,5,4,0,6,5,0,0,0,0,0,0
1252358,8539311191622,5,4,0,6,5,0,0,0,0,0,0
1252359,8542243025294,5,4,0,6,5,0,0,0,0,0,0
1252360,8521402630399,5,4,0,6,5,0,0,0,0,0,0
1252361,8543912570317,5,4,0,6,5,0,0,0,0,0,0
1252362,8572899211691,4,4,0,5,4,0,0,0,0,0,0
1252363,8543881163983,5,4,0,6,5,0,0,0,0,0,0
1252364,8540228023687,5,4,0,6,5,0,0,0,0,0,0
1252365,8572850152802,4,4,0,5,4,0,0,0,0,0,0
1252366,8536926575065,5,4,0,6,5,0,0,0,0,0,0
1252367,8572817646044,4,4,0,5,4,0,0,0,0,0,0
1252368,8335763595333,4,4,0,5,4,0,0,0,0,0,0
1252369,8543608455130,5,4,0,6,5,0,0,0,0,0,0
1252370,8525702018637,5,4,0,6,4,1,0,0,0,0,0
1252371,8591421081210,4,4,0,5,2,2,0,0,0,0,0
1252372,8330314068124,3,4,0,4,2,1,0,0,0,0,0
1252373,8537582118114,5,4,0,6,5,0,0,0,0,0,0
1252374,8557932156175,5,4,0,6,4,1,0,0,0,0,0
1252375,8582869488624,2,4,0,3,1,1,0,0,0,0,0
1252376,8563044922791,5,4,0,6,5,0,0,0,0,0,0
1252377,8565014849420,5,4,0,6,5,0,0,0,0,0,0
1252378,8407744520362,5,4,0,6,4,1,0,0,0,0,0
1252379,8656504349111,4,4,0,5,2,2,0,0,0,0,0
1252380,8557136600238,5,4,0,6,5,0,0,0,0,0,0
1252381,8572590735566,4,4,0,5,4,0,0,0,0,0,0
1252382,8484336986243,0,4,0,1,0,0,0,0,0,0,0
1252383,8213267409548,5,4,0,6,3,2,0,0,0,0,0
1252384,8582179960414,4,4,0,5,3,1,0,0,0,0,0
1252385,8484289211486,0,4,0,1,0,0,0,0,0,0,0
1252386,8528391332880,2,4,0,3,2,0,0,0,0,0,0
1252387,8536315956387,2,4,0,3,2,0,0,0,0,0,0
1252388,8550090171527,3,4,0,4,3,0,0,0,0,0,0
1252389,8553795469347,3,4,0,4,2,1,0,0,0,0,0
1252390,8538264251918,5,4,0,6,5,0,0,0,0,0,0
1252391,8548251289625,2,4,0,3,1,1,0,0,0,0,0
1252392,8484176123456,0,4,0,1,0,0,0,0,0,0,0
1252393,8484159941174,0,4,0,1,0,0,0,0,0,0,0
1252394,8510143758923,1,4,0,2,1,0,0,0,0,0,0
1252395,8572362671755,4,4,0,5,4,0,0,0,0,0,0
1252396,8572346447498,4,4,0,5,4,0,0,0,0,0,0
1252397,8533595005178,5,4,0,6,5,0,0,0,0,0,0
1252398,8538157214854,5,4,0,6,5,0,0,0,0,0,0
1252399,8582478957623,4,4,0,5,2,2,0,0,0,0,0
1252400,8322309961651,4,4,0,5,4,0,0,0,0,0,0
1252401,8583600478493,4,4,0,5,3,1,0,0,0,0,0
1252402,8558132025950,3,4,0,4,3,0,0,0,0,0,0
1252403,8506057320658,1,4,0,2,1,0,0,0,0,0,0
1252404,8580700286790,2,4,0,3,2,0,0,0,0,0,0
1252405,8537974789195,5,4,0,6,5,0,0,0,0,0,0
1252406,8536241447884,5,4,0,6,5,0,0,0,0,0,0
1252407,8541879318126,5,4,0,6,5,0,0,0,0,0,0
1252408,8566206709073,4,4,0,5,2,2,0,0,0,0,0
1252409,8505960371632,1,4,0,2,1,0,0,0,0,0,0
1252410,8550060439336,3,4,0,4,3,0,0,0,0,0,0
1252411,8321058078600,3,4,0,4,2,1,0,0,0,0,0
1252412,8327955195345,3,4,0,4,2,1,0,0,0,0,0
1252413,8537869164925,5,4,0,6,5,0,0,0,0,0,0
1252414,8572054405160,4,4,0,5,4,0,0,0,0,0,0
1252415,8572038263423,4,4,0,5,4,0,0,0,0,0,0
1252416,8524813580816,5,4,0,6,4,1,0,0,0,0,0
1252417,8227423774154,5,4,0,6,2,3,0,0,0,0,0
1252418,8511758610142,1,4,0,2,1,0,0,0,0,0,0
1252419,8483742428657,0,4,0,1,0,0,0,0,0,0,0
1252420,8483726247202,0,4,0,1,0,0,0,0,0,0,0
1252421,8275714148369,4,4,0,5,1,3,0,0,0,0,0
1252422,8571925137627,4,4,0,5,4,0,0,0,0,0,0
1252423,8537731193968,5,4,0,6,5,0,0,0,0,0,0
1252424,8571892717144,4,4,0,5,4,0,0,0,0,0,0
1252425,8571876245163,4,4,0,5,3,1,0,0,0,0,0
1252426,8537682412587,5,4,0,6,5,0,0,0,0,0,0
1252427,8535058199231,5,4,0,6,5,0,0,0,0,0,0
1252428,8582008005927,4,4,0,5,4,0,0,0,0,0,0
1252429,8584844008951,4,4,0,5,3,1,0,0,0,0,0
1252430,8705622699664,3,4,0,4,2,1,0,0,0,0,0
1252431,8483549206478,0,4,0,1,0,0,0,0,0,0,0
1252432,8585040900940,4,4,0,5,2,2,0,0,0,0,0
1252433,8505574030202,1,4,0,2,1,0,0,0,0,0,0
1252434,8527614950881,2,4,0,3,2,0,0,0,0,0,0
1252435,8580196389844,2,4,0,3,1,1,0,0,0,0,0
1252436,8123013520303,2,4,0,3,0,2,0,0,0,0,0
1252437,8580164909637,2,4,0,3,2,0,0,0,0,0,0
1252438,8580148227934,2,4,0,3,0,2,0,0,0,0,0
1252439,8521015045873,5,4,0,6,5,0,0,0,0,0,0
1252440,8571632878805,4,4,0,5,4,0,0,0,0,0,0
1252441,8521140069940,5,4,0,6,5,0,0,0,0,0,0
1252442,8556894781749,3,4,0,4,2,1,0,0,0,0,0
1252443,8521838262786,5,4,0,6,5,0,0,0,0,0,0
1252444,8573264507175,4,4,0,5,3,1,0,0,0,0,0
1252445,8537260307388,5,4,0,6,5,0,0,0,0,0,0
1252446,8537290465276,5,4,0,6,5,0,0,0,0,0,0
1252447,8537343089714,5,4,0,6,5,0,0,0,0,0,0
1252448,7958250207968,2,4,0,3,2,0,0,0,0,0,0
1252449,8586476493404,4,4,0,5,1,3,0,0,0,0,0
1252450,8563354718943,3,4,0,4,3,0,0,0,0,0,0
1252451,8571454388296,4,4,0,5,4,0,0,0,0,0,0
1252452,8581618621598,3,4,0,4,2,1,0,0,0,0,0
1252453,8586747659964,5,4,0,6,5,0,0,0,0,0,0
1252454,8571406730965,4,4,0,5,4,0,0,0,0,0,0
1252455,8571389007015,4,4,0,5,4,0,0,0,0,0,0
1252456,8553985070757,5,4,0,6,5,0,0,0,0,0,0
1252457,8557739778176,5,4,0,6,5,0,0,0,0,0,0
1252458,8557833109593,5,4,0,6,5,0,0,0,0,0,0
1252459,8569627202225,2,4,0,3,1,1,0,0,0,0,0
1252460,8581487299948,3,4,0,4,2,1,0,0,0,0,0
1252461,8569594554458,3,4,0,4,3,0,0,0,0,0,0
1252462,8540499963463,5,4,0,6,5,0,0,0,0,0,0
1252463,8578045403480,4,4,0,5,3,1,0,0,0,0,0
1252464,8571243439109,3,4,0,4,3,0,0,0,0,0,0
1252465,8553972113293,5,4,0,6,2,3,0,0,0,0,0
1252466,8309951764742,3,4,0,4,1,2,0,0,0,0,0
1252467,8536903749920,5,4,0,6,5,0,0,0,0,0,0
1252468,8571177967290,4,4,0,5,4,0,0,0,0,0,0
1252469,8579644329694,2,4,0,3,0,2,0,0,0,0,0
1252470,8571145152884,4,4,0,5,4,0,0,0,0,0,0
1252471,8569432301130,2,4,0,3,2,0,0,0,0,0,0
1252472,8537466290177,5,4,0,6,5,0,0,0,0,0,0
1252473,8537975574397,5,4,0,6,5,0,0,0,0,0,0
1252474,8152535818397,5,4,0,6,3,2,0,0,0,0,0
1252475,8550705600346,3,4,0,4,3,0,0,0,0,0,0
1252476,8504881900845,1,4,0,2,1,0,0,0,0,0,0
1252477,8482810290455,0,4,0,1,0,0,0,0,0,0,0
1252478,8518911937733,5,4,0,6,4,1,0,0,0,0,0
1252479,8310657066124,4,4,0,5,3,1,0,0,0,0,0
1252480,8581162676622,3,4,0,4,2,1,0,0,0,0,0
1252481,8540705349294,5,4,0,6,5,0,0,0,0,0,0
1252482,8587075429255,4,4,0,5,0,4,0,0,0,0,0
1252483,8506465656665,1,4,0,2,0,1,0,0,0,0,0
1252484,8548863001918,3,4,0,4,3,0,0,0,0,0,0
1252485,8482681653178,0,4,0,1,0,0,0,0,0,0,0
1252486,8482665473747,0,4,0,1,0,0,0,0,0,0,0
1252487,8482649294347,0,4,0,1,0,0,0,0,0,0,0
1252488,8570852667593,4,4,0,5,4,0,0,0,0,0,0
1252489,8550398315732,3,4,0,4,3,0,0,0,0,0,0
1252490,8570820260556,4,4,0,5,4,0,0,0,0,0,0
1252491,8580983076487,4,4,0,5,4,0,0,0,0,0,0
1252492,8526677999936,2,4,0,3,2,0,0,0,0,0,0
1252493,8482552296405,0,4,0,1,0,0,0,0,0,0,0
1252494,8504590795255,1,4,0,2,1,0,0,0,0,0,0
1252495,8304652318403,4,4,0,5,3,1,0,0,0,0,0
1252496,8558309980896,3,4,0,4,1,2,0,0,0,0,0
1252497,8482488148850,0,4,0,1,0,0,0,0,0,0,0
1252498,8507919434223,1,4,0,2,0,1,0,0,0,0,0
1252499,8548619072084,3,4,0,4,3,0,0,0,0,0,0
1252500,8482439611757,0,4,0,1,0,0,0,0,0,0,0
1252501,8504477775773,1,4,0,2,1,0,0,0,0,0,0
1252502,8526515855684,2,4,0,3,2,0,0,0,0,0,0
1252503,8576553893558,4,4,0,5,3,1,0,0,0,0,0
1252504,8482374896063,0,4,0,1,0,0,0,0,0,0,0
1252505,8482358717217,0,4,0,1,0,0,0,0,0,0,0
1252506,8570559069038,4,4,0,5,4,0,0,0,0,0,0
1252507,8568846253474,2,4,0,3,1,1,0,0,0,0,0
1252508,8570526501160,4,4,0,5,4,0,0,0,0,0,0
1252509,8538931629789,5,4,0,6,5,0,0,0,0,0,0
1252510,8558082439536,3,4,0,4,1,2,0,0,0,0,0
1252511,8482261747084,0,4,0,1,0,0,0,0,0,0,0
1252512,8548407210065,3,4,0,4,3,0,0,0,0,0,0
1252513,8546694456148,1,4,0,2,0,1,0,0,0,0,0
1252514,8482213211286,0,4,0,1,0,0,0,0,0,0,0
1252515,8482197032748,0,4,0,1,0,0,0,0,0,0,0
1252516,8548341991075,3,4,0,4,3,0,0,0,0,0,0
1252517,8537055985171,5,4,0,6,5,0,0,0,0,0,0
1252518,8482148602943,0,4,0,1,0,0,0,0,0,0,0
1252519,8482132424529,0,4,0,1,0,0,0,0,0,0,0
1252520,8538392072137,3,4,0,4,1,2,0,0,0,0,0
1252521,8504153673010,1,4,0,2,1,0,0,0,0,0,0
1252522,8482083992451,0,4,0,1,0,0,0,0,0,0,0
1252523,8526174650908,2,4,0,3,2,0,0,0,0,0,0
1252524,8482051635899,0,4,0,1,0,0,0,0,0,0,0
1252525,8540088791921,2,4,0,3,1,1,0,0,0,0,0
1252526,8508019279471,1,4,0,2,1,0,0,0,0,0,0
1252527,8504056351418,1,4,0,2,1,0,0,0,0,0,0
1252528,8504040131226,1,4,0,2,1,0,0,0,0,0,0
1252529,8551523037804,3,4,0,4,2,1,0,0,0,0,0
1252530,7919998519851,2,4,0,3,1,1,0,0,0,0,0
1252531,8526045870431,2,4,0,3,2,0,0,0,0,0,0
1252532,8535987858817,5,4,0,6,5,0,0,0,0,0,0
1252533,7941489977781,2,4,0,3,1,1,0,0,0,0,0
1252534,8412360008351,5,4,0,6,4,1,0,0,0,0,0
1252535,8545430651058,4,4,0,5,0,4,0,0,0,0,0
1252536,8535924776389,5,4,0,6,5,0,0,0,0,0,0
1252537,8539017600417,5,4,0,6,5,0,0,0,0,0,0
1252538,8415052463015,5,4,0,6,2,3,0,0,0,0,0
1252539,8605561827938,2,4,0,3,1,1,0,0,0,0,0
1252540,8481796530378,0,4,0,1,0,0,0,0,0,0,0
1252541,8481780352635,0,4,0,1,0,0,0,0,0,0,0
1252542,8503816803833,1,4,0,2,1,0,0,0,0,0,0
1252543,8481747997241,0,4,0,1,0,0,0,0,0,0,0
1252544,8525836909165,2,4,0,3,2,0,0,0,0,0,0
1252545,8481715641971,0,4,0,1,0,0,0,0,0,0,0
1252546,8525804427766,2,4,0,3,2,0,0,0,0,0,0
1252547,8581683286825,1,4,0,2,0,1,0,0,0,0,0
1252548,8481667109298,0,4,0,1,0,0,0,0,0,0,0
1252549,8578341936799,2,4,0,3,0,2,0,0,0,0,0
1252550,8568147593822,2,4,0,3,1,1,0,0,0,0,0
1252551,8534640670823,5,4,0,6,5,0,0,0,0,0,0
1252552,8569811341853,4,4,0,5,4,0,0,0,0,0,0
1252553,8547743166759,2,4,0,3,1,1,0,0,0,0,0
1252554,8546734113720,3,4,0,4,3,0,0,0,0,0,0
1252555,8530747214837,2,4,0,3,0,2,0,0,0,0,0
1252556,8571220695687,4,4,0,5,3,1,0,0,0,0,0
1252557,8533573774981,2,4,0,3,1,1,0,0,0,0,0
1252558,8503557513717,1,4,0,2,1,0,0,0,0,0,0
1252559,8481489380031,0,4,0,1,0,0,0,0,0,0,0
1252560,8527273245526,2,4,0,3,1,1,0,0,0,0,0
1252561,8627257068400,2,4,0,3,1,1,0,0,0,0,0
1252562,8481440848652,0,4,0,1,0,0,0,0,0,0,0
1252563,8503476417785,1,4,0,2,1,0,0,0,0,0,0
1252564,8573007880990,3,4,0,4,2,1,0,0,0,0,0
1252565,8566206402451,1,4,0,2,1,0,0,0,0,0,0
1252566,8263065599621,3,4,0,4,1,2,0,0,0,0,0
1252567,8533892533312,4,4,0,5,3,1,0,0,0,0,0
1252568,8547891291782,3,4,0,4,3,0,0,0,0,0,0
1252569,9219985253074,3,4,0,4,1,2,0,0,0,0,0
1252570,8503363723301,1,4,0,2,1,0,0,0,0,0,0
1252571,8511296092525,1,4,0,2,0,1,0,0,0,0,0
1252572,8481279915736,0,4,0,1,0,0,0,0,0,0,0
1252573,8569469050095,4,4,0,5,4,0,0,0,0,0,0
1252574,8481247562252,0,4,0,1,0,0,0,0,0,0,0
1252575,8635511369940,2,4,0,3,2,0,0,0,0,0,0
1252576,8567723769018,2,4,0,3,1,1,0,0,0,0,0
1252577,8569403670388,4,4,0,5,4,0,0,0,0,0,0
1252578,8577868524595,2,4,0,3,1,1,0,0,0,0,0
1252579,8535960416368,5,4,0,6,5,0,0,0,0,0,0
1252580,8398736882786,5,4,0,6,3,2,0,0,0,0,0
1252581,8569338903944,4,4,0,5,4,0,0,0,0,0,0
1252582,8509020595974,5,4,0,6,4,1,0,0,0,0,0
1252583,8576126093083,4,4,0,5,2,2,0,0,0,0,0
1252584,8581215396457,4,4,0,5,0,4,0,0,0,0,0
1252585,8525522534525,5,4,0,6,4,1,0,0,0,0,0
1252586,8509579293605,5,4,0,6,3,2,0,0,0,0,0
1252587,8431884251599,5,4,0,6,2,3,0,0,0,0,0
1252588,8257047546838,3,4,0,4,2,1,0,0,0,0,0
1252589,8591057541071,4,4,0,5,1,3,0,0,0,0,0
1252590,8480990665514,0,4,0,1,0,0,0,0,0,0,0
1252591,7964792762070,2,4,0,3,2,0,0,0,0,0,0
1252592,8569161674958,4,4,0,5,4,0,0,0,0,0,0
1252593,8528993858972,2,4,0,3,2,0,0,0,0,0,0
1252594,8502977640788,1,4,0,2,0,1,0,0,0,0,0
1252595,8502961422648,1,4,0,2,1,0,0,0,0,0,0
1252596,8577577221427,2,4,0,3,1,1,0,0,0,0,0
1252597,8575864863202,1,4,0,2,1,0,0,0,0,0,0
1252598,8301915560096,4,4,0,5,3,1,0,0,0,0,0
1252599,8652086165837,4,4,0,5,3,1,0,0,0,0,0
1252600,8537165930059,5,4,0,6,5,0,0,0,0,0,0
1252601,8524694288241,5,4,0,6,4,1,0,0,0,0,0
1252602,8536952851580,5,4,0,6,5,0,0,0,0,0,0
1252603,8524882679594,2,4,0,3,2,0,0,0,0,0,0
1252604,8502816385656,1,4,0,2,1,0,0,0,0,0,0
1252605,8535540969397,5,4,0,6,5,0,0,0,0,0,0
1252606,8490855593206,5,4,0,6,4,1,0,0,0,0,0
1252607,8548564044915,3,4,0,4,2,1,0,0,0,0,0
1252608,8580701951393,1,4,0,2,0,1,0,0,0,0,0
1252609,8502735600808,1,4,0,2,1,0,0,0,0,0,0
1252610,8570564869329,4,4,0,5,1,3,0,0,0,0,0
1252611,8579029233935,2,4,0,3,1,1,0,0,0,0,0
1252612,8577316840329,2,4,0,3,1,1,0,0,0,0,0
1252613,8577300664797,2,4,0,3,1,1,0,0,0,0,0
1252614,8324613470768,3,4,0,4,2,1,0,0,0,0,0
1252615,8577268921937,2,4,0,3,1,1,0,0,0,0,0
1252616,8324684089169,3,4,0,4,2,1,0,0,0,0,0
1252617,8324720229083,3,4,0,4,2,1,0,0,0,0,0
1252618,8428556713530,2,4,0,3,0,2,0,0,0,0,0
1252619,8443890833262,2,4,0,3,0,2,0,0,0,0,0
1252620,8567011545566,2,4,0,3,1,1,0,0,0,0,0
1252621,8334586066937,3,4,0,4,3,0,0,0,0,0,0
1252622,8577157515527,2,4,0,3,2,0,0,0,0,0,0
1252623,8577141134262,2,4,0,3,2,0,0,0,0,0,0
1252624,8341139821631,3,4,0,4,3,0,0,0,0,0,0
1252625,8341124905764,3,4,0,4,3,0,0,0,0,0,0
1252626,8664414457361,4,4,0,5,2,2,0,0,0,0,0
1252627,8341044125416,3,4,0,4,3,0,0,0,0,0,0
1252628,8581008646124,2,4,0,3,1,1,0,0,0,0,0
1252629,8504616395228,2,4,0,3,0,2,0,0,0,0,0
1252630,8334446991862,3,4,0,4,3,0,0,0,0,0,0
1252631,8577013673336,2,4,0,3,2,0,0,0,0,0,0
1252632,8331059760032,3,4,0,4,3,0,0,0,0,0,0
1252633,8340951321440,3,4,0,4,3,0,0,0,0,0,0
1252634,8576965986762,2,4,0,3,2,0,0,0,0,0,0
1252635,8576949811898,2,4,0,3,2,0,0,0,0,0,0
1252636,8246455583065,3,4,0,4,2,1,0,0,0,0,0
1252637,8594239378307,4,4,0,5,2,2,0,0,0,0,0
1252638,8576899313243,4,4,0,5,0,4,0,0,0,0,0
1252639,8524605215380,5,4,0,6,5,0,0,0,0,0,0
1252640,8566689421295,2,4,0,3,2,0,0,0,0,0,0
1252641,8578545146140,3,4,0,4,3,0,0,0,0,0,0
1252642,8581794223638,2,4,0,3,1,1,0,0,0,0,0
1252643,8578516978906,2,4,0,3,1,1,0,0,0,0,0
1252644,8581892268499,4,4,0,5,2,2,0,0,0,0,0
1252645,8578484755601,2,4,0,3,1,1,0,0,0,0,0
1252646,8303500538556,3,4,0,4,2,1,0,0,0,0,0
1252647,8530982120990,5,4,0,6,5,0,0,0,0,0,0
1252648,8566559102480,3,4,0,4,3,0,0,0,0,0,0
1252649,8326602356289,2,4,0,3,0,2,0,0,0,0,0
1252650,8569920391465,4,4,0,5,3,1,0,0,0,0,0
1252651,8568207575751,4,4,0,5,4,0,0,0,0,0,0
1252652,8568192448245,4,4,0,5,4,0,0,0,0,0,0
1252653,8526405209405,4,4,0,5,3,1,0,0,0,0,0
1252654,8534001979535,5,4,0,6,5,0,0,0,0,0,0
1252655,8534030661930,5,4,0,6,5,0,0,0,0,0,0
1252656,8528448196248,5,4,0,6,5,0,0,0,0,0,0
1252657,8533279665878,5,4,0,6,5,0,0,0,0,0,0
1252658,8543997173308,4,4,0,5,2,2,0,0,0,0,0
1252659,8534031141042,5,4,0,6,5,0,0,0,0,0,0
1252660,8530897771478,5,4,0,6,5,0,0,0,0,0,0
1252661,8566347966572,2,4,0,3,2,0,0,0,0,0,0
1252662,7955102778835,2,4,0,3,2,0,0,0,0,0,0
1252663,7955246188980,2,4,0,3,2,0,0,0,0,0,0
1252664,7955074752447,2,4,0,3,2,0,0,0,0,0,0
1252665,7955217917899,2,4,0,3,2,0,0,0,0,0,0
1252666,8566271524152,2,4,0,3,2,0,0,0,0,0,0
1252667,8539366664114,3,4,0,4,3,0,0,0,0,0,0
1252668,8524216137011,5,4,0,6,5,0,0,0,0,0,0
1252669,8547468790189,3,4,0,4,3,0,0,0,0,0,0
1252670,8579713016605,1,4,0,2,0,1,0,0,0,0,0
1252671,8579696842836,1,4,0,2,0,1,0,0,0,0,0
1252672,8530464817469,5,4,0,6,5,0,0,0,0,0,0
1252673,8533669955771,5,4,0,6,5,0,0,0,0,0,0
1252674,8532961786251,5,4,0,6,5,0,0,0,0,0,0
1252675,9004594873715,4,4,0,5,2,2,0,0,0,0,0
1252676,8567808535339,4,4,0,5,4,0,0,0,0,0,0
1252677,8351682000000,4,4,0,5,3,1,0,0,0,0,0
1252678,8420535932529,4,4,0,5,2,2,0,0,0,0,0
1252679,8588034812869,4,4,0,5,4,0,0,0,0,0,0
1252680,8515841469334,4,4,0,5,4,0,0,0,0,0,0
1252681,8589435179268,5,4,0,6,5,0,0,0,0,0,0
1252682,8567707418294,4,4,0,5,4,0,0,0,0,0,0
1252683,8589209633848,5,4,0,6,5,0,0,0,0,0,0
1252684,8595487894282,4,4,0,5,0,4,0,0,0,0,0
1252685,8567663502087,4,4,0,5,4,0,0,0,0,0,0
1252686,8274624393498,2,4,0,3,1,1,0,0,0,0,0
1252687,8270953250741,4,4,0,5,4,0,0,0,0,0,0
1252688,8589371315262,5,4,0,6,5,0,0,0,0,0,0
1252689,8603678897854,5,4,0,6,4,1,0,0,0,0,0
1252690,8589210647645,5,4,0,6,5,0,0,0,0,0,0
1252691,8587836704338,5,4,0,6,5,0,0,0,0,0,0
1252692,8585106518644,5,4,0,6,5,0,0,0,0,0,0
1252693,8573877215752,3,4,0,4,2,1,0,0,0,0,0
1252694,8585268677053,5,4,0,6,5,0,0,0,0,0,0
1252695,8573844726669,4,4,0,5,3,1,0,0,0,0,0
1252696,8561512351651,4,4,0,5,4,0,0,0,0,0,0
1252697,8582024667767,4,4,0,5,3,1,0,0,0,0,0
1252698,8586104884651,5,4,0,6,5,0,0,0,0,0,0
1252699,8589489241714,5,4,0,6,5,0,0,0,0,0,0
1252700,8566562402329,4,4,0,5,4,0,0,0,0,0,0
1252701,8589454565348,5,4,0,6,5,0,0,0,0,0,0
1252702,8276247815435,6,4,0,7,6,0,0,0,0,0,0
1252703,8586246853895,5,4,0,6,5,0,0,0,0,0,0
1252704,8586188135879,5,4,0,6,5,0,0,0,0,0,0
1252705,8277098583841,6,4,0,7,6,0,0,0,0,0,0
1252706,8567300868623,4,4,0,5,2,2,0,0,0,0,0
1252707,8560824898549,4,4,0,5,4,0,0,0,0,0,0
1252708,8579102319886,1,4,0,2,0,1,0,0,0,0,0
1252709,8418450890863,2,4,0,3,0,2,0,0,0,0,0
1252710,8584558630560,4,4,0,5,4,0,0,0,0,0,0
1252711,8589057732620,5,4,0,6,2,3,0,0,0,0,0
1252712,8560855526198,4,4,0,5,4,0,0,0,0,0,0
1252713,8571837987261,4,4,0,5,3,1,0,0,0,0,0
1252714,8563956044534,4,4,0,5,2,2,0,0,0,0,0
1252715,8240472194352,2,4,0,3,0,2,0,0,0,0,0
1252716,8581331249486,5,4,0,6,5,0,0,0,0,0,0
1252717,8463733187889,2,4,0,3,0,2,0,0,0,0,0
1252718,8388893646863,5,4,0,6,1,4,0,0,0,0,0
1252719,8513932854690,4,4,0,5,3,1,0,0,0,0,0
1252720,8527346390871,2,4,0,3,1,1,0,0,0,0,0
1252721,8566202499108,4,4,0,5,4,0,0,0,0,0,0
1252722,8263232573633,6,4,0,7,6,0,0,0,0,0,0
1252723,8499312976497,1,4,0,2,1,0,0,0,0,0,0
1252724,8578846149320,1,4,0,2,0,1,0,0,0,0,0
1252725,8578829977205,1,4,0,2,0,1,0,0,0,0,0
1252726,8503554416119,2,4,0,3,1,1,0,0,0,0,0
1252727,8259107519822,6,4,0,7,6,0,0,0,0,0,0
1252728,8500766123365,5,4,0,6,5,0,0,0,0,0,0
1252729,8344235785611,5,4,0,6,2,3,0,0,0,0,0
1252730,8574346143155,4,4,0,5,2,2,0,0,0,0,0
1252731,8519606141260,2,4,0,3,2,0,0,0,0,0,0
1252732,8487665943315,2,4,0,3,0,2,0,0,0,0,0
1252733,8569877112121,2,4,0,3,0,2,0,0,0,0,0
1252734,8566711948850,4,4,0,5,3,1,0,0,0,0,0
1252735,8556680384033,3,4,0,4,1,2,0,0,0,0,0
1252736,8503323560118,2,4,0,3,1,1,0,0,0,0,0
1252737,8499068449493,1,4,0,2,1,0,0,0,0,0,0
1252738,8568201464443,2,4,0,3,2,0,0,0,0,0,0
1252739,8560342460755,4,4,0,5,3,1,0,0,0,0,0
1252740,8569028959798,4,4,0,5,2,2,0,0,0,0,0
1252741,8519473112198,2,4,0,3,2,0,0,0,0,0,0
1252742,8569795032177,4,4,0,5,3,1,0,0,0,0,0
1252743,8519440613013,2,4,0,3,2,0,0,0,0,0,0
1252744,8578524756679,1,4,0,2,0,1,0,0,0,0,0
1252745,8569807633193,3,4,0,4,2,1,0,0,0,0,0
1252746,8579280877651,3,4,0,4,2,1,0,0,0,0,0
1252747,8523877615133,3,4,0,4,3,0,0,0,0,0,0
1252748,8579595865269,3,4,0,4,3,0,0,0,0,0,0
1252749,8581093655682,5,4,0,6,5,0,0,0,0,0,0
1252750,8568447653988,2,4,0,3,1,1,0,0,0,0,0
1252751,8269903845522,2,4,0,3,0,2,0,0,0,0,0
1252752,8560519464118,2,4,0,3,1,1,0,0,0,0,0
1252753,8580988593783,5,4,0,6,5,0,0,0,0,0,0
1252754,8581151304612,5,4,0,6,5,0,0,0,0,0,0
1252755,8478503833491,4,4,0,5,2,2,0,0,0,0,0
1252756,8536713909523,5,4,0,6,2,3,0,0,0,0,0
1252757,8652893140940,4,4,0,5,3,1,0,0,0,0,0
1252758,8478299455411,0,4,0,1,0,0,0,0,0,0,0
1252759,8580292402079,5,4,0,6,4,1,0,0,0,0,0
1252760,8476701560581,4,4,0,5,1,3,0,0,0,0,0
1252761,8502797832219,4,4,0,5,3,1,0,0,0,0,0
1252762,8580958407260,5,4,0,6,5,0,0,0,0,0,0
1252763,8580774784673,5,4,0,6,5,0,0,0,0,0,0
1252764,8580774493604,5,4,0,6,5,0,0,0,0,0,0
1252765,8580834692726,5,4,0,6,5,0,0,0,0,0,0
1252766,8587080607406,5,4,0,6,4,1,0,0,0,0,0
1252767,8497413105851,2,4,0,3,1,1,0,0,0,0,0
1252768,8569371761101,2,4,0,3,1,1,0,0,0,0,0
1252769,8577995502425,5,4,0,6,4,1,0,0,0,0,0
1252770,8588106006283,2,4,1,2,0,1,0,0,0,0,0
1252771,8506321520258,2,4,0,3,1,1,0,0,0,0,0
1252772,8449990148152,2,4,0,3,0,2,0,0,0,0,0
1252773,8597898140160,3,4,1,3,1,1,0,0,0,0,0
1252774,8569315421044,4,4,0,5,4,0,0,0,0,0,0
1252775,8258130394458,6,4,0,7,6,0,0,0,0,0,0
1252776,8694021177425,5,4,0,6,4,1,0,0,0,0,0
1252777,8559953011675,4,4,0,5,4,0,0,0,0,0,0
1252778,8579925273476,5,4,0,6,5,0,0,0,0,0,0
1252779,8580242569637,5,4,0,6,5,0,0,0,0,0,0
1252780,8561480831988,3,4,0,4,1,2,0,0,0,0,0
1252781,8551637166677,3,4,0,4,0,3,0,0,0,0,0
1252782,8577913105728,1,4,0,2,0,1,0,0,0,0,0
1252783,8592694862162,5,4,0,6,5,0,0,0,0,0,0
1252784,8566050893711,4,4,0,5,4,0,0,0,0,0,0
1252785,8588044132214,5,4,0,6,5,0,0,0,0,0,0
1252786,8499890873079,1,4,0,2,1,0,0,0,0,0,0
1252787,8499097077147,1,4,0,2,1,0,0,0,0,0,0
1252788,8577816084738,1,4,0,2,0,1,0,0,0,0,0
1252789,8583969813372,5,4,0,6,5,0,0,0,0,0,0
1252790,8550313308097,3,4,0,4,3,0,0,0,0,0,0
1252791,8508402394538,3,4,0,4,2,1,0,0,0,0,0
1252792,8511979677845,3,4,0,4,2,1,0,0,0,0,0
1252793,8527844195716,3,4,0,4,3,0,0,0,0,0,0
1252794,8581148322257,2,4,0,3,1,1,0,0,0,0,0
1252795,8525099982806,3,4,0,4,3,0,0,0,0,0,0
1252796,8574333929885,2,4,0,3,2,0,0,0,0,0,0
1252797,8528843632769,3,4,0,4,3,0,0,0,0,0,0
1252798,8585852275844,3,4,0,4,2,1,0,0,0,0,0
1252799,8582763441132,2,4,0,3,1,1,0,0,0,0,0
1252800,8586964959068,4,4,0,5,3,1,0,0,0,0,0
1252801,8579428212681,3,4,0,4,1,2,0,0,0,0,0
1252802,8582028272002,5,4,0,6,4,1,0,0,0,0,0
1252803,8907574277627,5,4,0,6,5,0,0,0,0,0,0
1252804,8219197554114,5,4,0,6,4,1,0,0,0,0,0
1252805,8446028077126,2,4,0,3,0,2,0,0,0,0,0
1252806,8578406409959,4,4,0,5,2,2,0,0,0,0,0
1252807,8579266499844,5,4,0,6,3,2,0,0,0,0,0
1252808,8106554559675,6,4,0,7,5,1,0,0,0,0,0
1252809,8549680014403,5,4,0,6,3,2,0,0,0,0,0
1252810,8587861297985,5,4,0,6,4,1,0,0,0,0,0
1252811,8506660215300,3,4,0,4,1,2,0,0,0,0,0
1252812,8523163127850,2,4,0,3,1,1,0,0,0,0,0
1252813,8388462725871,3,4,0,4,2,1,0,0,0,0,0
1252814,8529816229427,5,4,0,6,4,1,0,0,0,0,0
1252815,8580523136268,5,4,0,6,5,0,0,0,0,0,0
1252816,8579797183281,5,4,0,6,5,0,0,0,0,0,0
1252817,8581050147251,5,4,0,6,4,1,0,0,0,0,0
1252818,8585725164232,5,4,0,6,5,0,0,0,0,0,0
1252819,8539524270174,5,4,0,6,1,4,0,0,0,0,0
1252820,8514329441378,2,4,0,3,1,1,0,0,0,0,0
1252821,8560488289989,4,4,0,5,4,0,0,0,0,0,0
1252822,8554810554552,2,4,0,3,0,2,0,0,0,0,0
1252823,8579268819055,5,4,0,6,5,0,0,0,0,0,0
1252824,8571593412318,4,4,0,5,2,2,0,0,0,0,0
1252825,8577221799840,1,4,0,2,0,1,0,0,0,0,0
1252826,8577205630822,1,4,0,2,0,1,0,0,0,0,0
1252827,8579170689963,5,4,0,6,5,0,0,0,0,0,0
1252828,8560348541360,4,4,0,5,3,1,0,0,0,0,0
1252829,8568178746797,3,4,0,4,2,1,0,0,0,0,0
1252830,8579147946171,5,4,0,6,5,0,0,0,0,0,0
1252831,8495427848183,2,4,0,3,1,1,0,0,0,0,0
1252832,8252145880286,4,4,0,5,2,2,0,0,0,0,0
1252833,8577093320386,1,4,0,2,0,1,0,0,0,0,0
1252834,8564663644490,2,4,0,3,1,1,0,0,0,0,0
1252835,8317759628172,2,4,0,3,2,0,0,0,0,0,0
1252836,8483883512819,4,4,0,5,3,1,0,0,0,0,0
1252837,8279832059590,6,4,0,7,6,0,0,0,0,0,0
1252838,8538137802806,3,4,0,4,3,0,0,0,0,0,0
1252839,8558496133772,4,4,0,5,3,1,0,0,0,0,0
1252840,8576981519114,1,4,0,2,0,1,0,0,0,0,0
1252841,8514404364781,2,4,0,3,1,1,0,0,0,0,0
1252842,8577254659658,3,4,0,4,2,1,0,0,0,0,0
1252843,8566267502023,4,4,0,5,2,2,0,0,0,0,0
1252844,8606464436471,3,4,0,4,3,0,0,0,0,0,0
1252845,8524787350333,4,4,0,5,4,0,0,0,0,0,0
1252846,8555253633838,3,4,0,4,2,1,0,0,0,0,0
1252847,8493615941576,2,4,0,3,0,2,0,0,0,0,0
1252848,8576852783635,1,4,0,2,0,1,0,0,0,0,0
1252849,8578707737207,5,4,0,6,5,0,0,0,0,0,0
1252850,8514579997894,2,4,0,3,1,1,0,0,0,0,0
1252851,8579936295007,4,4,0,5,2,2,0,0,0,0,0
1252852,8576788268141,1,4,0,2,0,1,0,0,0,0,0
1252853,8576772099950,1,4,0,2,0,1,0,0,0,0,0
1252854,8576755931791,1,4,0,2,0,1,0,0,0,0,0
1252855,8289617648330,4,4,0,5,4,0,0,0,0,0,0
1252856,8259474979779,6,4,0,7,6,0,0,0,0,0,0
1252857,8609383998966,5,4,0,6,3,2,0,0,0,0,0
1252858,8577028976157,3,4,0,4,0,3,0,0,0,0,0
1252859,8578178327468,5,4,0,6,4,1,0,0,0,0,0
1252860,8561387111275,4,4,0,5,3,1,0,0,0,0,0
1252861,8537774703626,3,4,0,4,3,0,0,0,0,0,0
1252862,8576627832948,1,4,0,2,0,1,0,0,0,0,0
1252863,8519999065176,2,4,0,3,1,1,0,0,0,0,0
1252864,8576595654781,1,4,0,2,0,1,0,0,0,0,0
1252865,8513320206734,3,4,0,4,1,2,0,0,0,0,0
1252866,8576563458494,1,4,0,2,0,1,0,0,0,0,0
1252867,8576547290733,1,4,0,2,0,1,0,0,0,0,0
1252868,8517315532200,2,4,0,3,2,0,0,0,0,0,0
1252869,8576514955302,1,4,0,2,0,1,0,0,0,0,0
1252870,8496900804671,1,4,0,2,1,0,0,0,0,0,0
1252871,8274876760445,3,4,0,4,2,1,0,0,0,0,0
1252872,8266845711890,6,4,0,7,6,0,0,0,0,0,0
1252873,8525075290342,2,4,0,3,1,1,0,0,0,0,0
1252874,8259339034129,6,4,0,7,5,1,0,0,0,0,0
1252875,8275687507139,6,4,0,7,6,0,0,0,0,0,0
1252876,8543899247712,3,4,0,4,0,3,0,0,0,0,0
1252877,8515855466757,2,4,0,3,1,1,0,0,0,0,0
1252878,8572389511769,5,4,0,6,4,1,0,0,0,0,0
1252879,8547066567218,3,4,0,4,3,0,0,0,0,0,0
1252880,8572757846026,3,4,0,4,3,0,0,0,0,0,0
1252881,8517021505386,2,4,0,3,2,0,0,0,0,0,0
1252882,8557702884789,4,4,0,5,4,0,0,0,0,0,0
1252883,8483095570530,3,4,0,4,2,1,0,0,0,0,0
1252884,8578127158773,5,4,0,6,5,0,0,0,0,0,0
1252885,8265285640551,6,4,0,7,6,0,0,0,0,0,0
1252886,8274814481431,6,4,0,7,6,0,0,0,0,0,0
1252887,8282363201973,6,4,0,7,6,0,0,0,0,0,0
1252888,8557657155894,4,4,0,5,4,0,0,0,0,0,0
1252889,8626565404139,4,4,0,5,1,3,0,0,0,0,0
1252890,8493206229656,2,4,0,3,0,2,0,0,0,0,0
1252891,8284693879347,6,4,0,7,6,0,0,0,0,0,0
1252892,8292438491963,6,4,0,7,5,1,0,0,0,0,0
1252893,8311394999266,6,4,0,7,6,0,0,0,0,0,0
1252894,8648212159906,4,4,0,5,3,1,0,0,0,0,0
1252895,8537128586459,3,4,0,4,3,0,0,0,0,0,0
1252896,7911389986741,3,4,0,4,2,1,0,0,0,0,0
1252897,7975405683395,2,4,0,3,0,2,0,0,0,0,0
1252898,8576293034146,3,4,0,4,2,1,0,0,0,0,0
1252899,8577843184728,5,4,0,6,5,0,0,0,0,0,0
1252900,8304968282734,6,4,0,7,6,0,0,0,0,0,0
1252901,8343881155759,4,4,0,5,4,0,0,0,0,0,0
1252902,8327118602048,6,4,0,7,6,0,0,0,0,0,0
1252903,8322161219615,6,4,0,7,6,0,0,0,0,0,0
1252904,8659541801961,5,4,0,6,2,3,0,0,0,0,0
1252905,8541764097139,3,4,0,4,1,2,0,0,0,0,0
1252906,8543928332876,1,4,0,2,0,1,0,0,0,0,0
1252907,8516692613201,2,4,0,3,2,0,0,0,0,0,0
1252908,8540291216557,2,4,0,3,1,1,0,0,0,0,0
1252909,8291208129541,6,4,0,7,6,0,0,0,0,0,0
1252910,8667208634311,5,4,0,6,4,1,0,0,0,0,0
1252911,8518820587676,2,4,0,3,1,1,0,0,0,0,0
1252912,8537176219415,3,4,0,4,3,0,0,0,0,0,0
1252913,8548181985368,3,4,0,4,2,1,0,0,0,0,0
1252914,8496247707713,1,4,0,2,1,0,0,0,0,0,0
1252915,8575783568382,1,4,0,2,0,1,0,0,0,0,0
1252916,8398225548782,4,4,0,5,3,1,0,0,0,0,0
1252917,8560400762944,3,4,0,4,1,2,0,0,0,0,0
1252918,8513717594955,2,4,0,3,1,1,0,0,0,0,0
1252919,8553671715690,3,4,0,4,1,2,0,0,0,0,0
1252920,8577941934836,5,4,0,6,5,0,0,0,0,0,0
1252921,8516582508776,2,4,0,3,2,0,0,0,0,0,0
1252922,8544878412504,1,4,0,2,1,0,0,0,0,0,0
1252923,8507589284268,2,4,0,3,1,1,0,0,0,0,0
1252924,8619548983356,3,4,0,4,2,1,0,0,0,0,0
1252925,8581430973161,5,4,0,6,5,0,0,0,0,0,0
1252926,8581878263645,3,4,0,4,2,1,0,0,0,0,0
1252927,8568377008926,2,4,0,3,2,0,0,0,0,0,0
1252928,8567059770811,4,4,0,5,3,1,0,0,0,0,0
1252929,8541422629467,3,4,0,4,3,0,0,0,0,0,0
1252930,8585308038270,5,4,0,6,5,0,0,0,0,0,0
1252931,8430950679069,2,4,0,3,0,2,0,0,0,0,0
1252932,8674892434035,5,4,0,6,5,0,0,0,0,0,0
1252933,8562314889845,4,4,0,5,3,1,0,0,0,0,0
1252934,8523146767402,4,4,0,5,4,0,0,0,0,0,0
1252935,8583987598930,5,4,0,6,5,0,0,0,0,0,0
1252936,8589071203117,5,4,0,6,4,1,0,0,0,0,0
1252937,8588223049471,5,4,0,6,5,0,0,0,0,0,0
1252938,8666073996734,3,4,0,4,1,2,0,0,0,0,0
1252939,8565660883772,3,4,0,4,1,2,0,0,0,0,0
1252940,8578869445825,5,4,0,6,4,1,0,0,0,0,0
1252941,8575364427943,1,4,0,2,0,1,0,0,0,0,0
1252942,8575348262469,1,4,0,2,0,1,0,0,0,0,0
1252943,8575332097025,1,4,0,2,0,1,0,0,0,0,0
1252944,8508914927394,3,4,0,4,1,2,0,0,0,0,0
1252945,8580068326138,5,4,0,6,5,0,0,0,0,0,0
1252946,8475283751999,0,4,0,1,0,0,0,0,0,0,0
1252947,8586854183937,5,4,0,6,5,0,0,0,0,0,0
1252948,8597811506063,5,4,0,6,4,1,0,0,0,0,0
1252949,8475235262515,0,4,0,1,0,0,0,0,0,0,0
1252950,8538080203842,3,4,0,4,3,0,0,0,0,0,0
1252951,8529120946279,3,4,0,4,3,0,0,0,0,0,0
1252952,8584110259830,5,4,0,6,5,0,0,0,0,0,0
1252953,8519584688059,2,4,0,3,1,1,0,0,0,0,0
1252954,8556740872621,4,4,0,5,3,1,0,0,0,0,0
1252955,8505330181192,4,4,0,5,3,1,0,0,0,0,0
1252956,8789689603819,5,4,0,6,3,2,0,0,0,0,0
1252957,8558919926444,4,4,0,5,4,0,0,0,0,0,0
1252958,8517554634083,2,4,0,3,2,0,0,0,0,0,0
1252959,8558228356508,4,4,0,5,3,1,0,0,0,0,0
1252960,8475057739185,0,4,0,1,0,0,0,0,0,0,0
1252961,8567609428475,3,4,0,4,2,1,0,0,0,0,0
1252962,8475025409437,0,4,0,1,0,0,0,0,0,0,0
1252963,8576551594713,4,4,0,5,2,2,0,0,0,0,0
1252964,8579062289541,5,4,0,6,4,1,0,0,0,0,0
1252965,8319001802827,5,4,0,6,4,1,0,0,0,0,0
1252966,8562828465882,3,4,0,4,1,2,0,0,0,0,0
1252967,8493792699206,4,4,1,4,1,2,0,0,0,0,0
1252968,8583849471707,5,4,0,6,5,0,0,0,0,0,0
1252969,8650156860435,4,4,0,5,3,1,0,0,0,0,0
1252970,8562032422336,4,4,0,5,3,1,0,0,0,0,0
1252971,8563302015343,3,4,0,4,2,1,0,0,0,0,0
1252972,8540215864891,2,4,0,3,1,1,0,0,0,0,0
1252973,8474848344976,0,4,0,1,0,0,0,0,0,0,0
1252974,8591922934678,5,4,0,6,5,0,0,0,0,0,0
1252975,8566054779884,4,4,0,5,3,1,0,0,0,0,0
1252976,8518868979017,2,4,0,3,2,0,0,0,0,0,0
1252977,8507533128131,4,4,0,5,3,1,0,0,0,0,0
1252978,8584623586973,5,4,0,6,4,1,0,0,0,0,0
1252979,8584920323662,5,4,0,6,5,0,0,0,0,0,0
1252980,8522563995464,4,4,0,5,4,0,0,0,0,0,0
1252981,8585998372674,5,4,0,6,4,1,0,0,0,0,0
1252982,8750420967918,6,4,1,6,3,2,0,0,0,0,0
1252983,8581349064925,3,4,0,4,1,2,0,0,0,0,0
1252984,8546739249859,3,4,0,4,1,2,0,0,0,0,0
1252985,8524923816644,5,4,0,6,2,3,0,0,0,0,0
1252986,8577339492000,5,4,0,6,4,1,0,0,0,0,0
1252987,8320816116912,3,4,0,4,3,0,0,0,0,0,0
1252988,8584776842655,5,4,0,6,5,0,0,0,0,0,0
1252989,8474590750271,0,4,0,1,0,0,0,0,0,0,0
1252990,8571184920822,2,4,0,3,0,2,0,0,0,0,0
1252991,8570031978654,5,4,0,6,3,2,0,0,0,0,0
1252992,8582578799456,5,4,0,6,4,1,0,0,0,0,0
1252993,8584690328227,5,4,0,6,5,0,0,0,0,0,0
1252994,8562645052005,4,4,0,5,2,2,0,0,0,0,0
1252995,8646256215444,4,4,0,5,2,2,0,0,0,0,0
1252996,8459330897015,4,4,0,5,3,1,0,0,0,0,0
1252997,8588596783299,4,4,0,5,3,1,0,0,0,0,0
1252998,8584548008968,5,4,0,6,5,0,0,0,0,0,0
1252999,8568530730574,4,4,0,5,3,1,0,0,0,0,0
1253000,8474413262548,0,4,0,1,0,0,0,0,0,0,0
1253001,8518464089869,2,4,0,3,2,0,0,0,0,0,0
1253002,8572683941560,4,4,0,5,4,0,0,0,0,0,0
1253003,8107617153958,2,4,0,3,0,2,0,0,0,0,0
1253004,8560788238831,2,4,0,3,2,0,0,0,0,0,0
1253005,8481060369617,3,4,0,4,2,1,0,0,0,0,0
1253006,8166458116513,2,4,0,3,2,0,0,0,0,0,0
1253007,8112544852374,5,4,0,6,3,2,0,0,0,0,0
1253008,8526960631761,2,4,0,3,1,1,0,0,0,0,0
1253009,8572573722619,2,4,0,3,1,1,0,0,0,0,0
1253010,8582726694632,3,4,0,4,3,0,0,0,0,0,0
1253011,8582710122969,3,4,0,4,3,0,0,0,0,0,0
1253012,8507562479106,4,4,0,5,4,0,0,0,0,0,0
1253013,8583014432111,5,4,0,6,5,0,0,0,0,0,0
1253014,8579916318450,5,4,0,6,5,0,0,0,0,0,0
1253015,8580126953072,5,4,0,6,4,1,0,0,0,0,0
1253016,8584234786189,5,4,0,6,4,1,0,0,0,0,0
1253017,8581301713904,5,4,0,6,4,1,0,0,0,0,0
1253018,8520856527417,3,4,0,4,3,0,0,0,0,0,0
1253019,8581201731382,5,4,0,6,5,0,0,0,0,0,0
1253020,8266482560259,5,4,0,6,4,1,0,0,0,0,0
1253021,8320446387422,5,4,0,6,4,1,0,0,0,0,0
1253022,8580939741790,5,4,0,6,5,0,0,0,0,0,0
1253023,8575741071559,4,4,0,5,3,1,0,0,0,0,0
1253024,8508216495633,4,4,0,5,4,0,0,0,0,0,0
1253025,8669626308066,5,4,0,6,4,1,0,0,0,0,0
1253026,8558690070007,3,4,0,4,2,1,0,0,0,0,0
1253027,8258992430516,6,4,0,7,6,0,0,0,0,0,0
1253028,8441677711497,5,4,0,6,3,2,0,0,0,0,0
1253029,8524339307629,4,4,0,5,0,4,0,0,0,0,0
1253030,8291768806924,6,4,0,7,5,1,0,0,0,0,0
1253031,8278384635154,4,4,0,5,3,1,0,0,0,0,0
1253032,8556272040455,3,4,0,4,2,1,0,0,0,0,0
1253033,8575829993355,5,4,0,6,5,0,0,0,0,0,0
1253034,8521019358083,5,4,0,6,4,1,0,0,0,0,0
1253035,8110116338391,4,4,0,5,1,3,0,0,0,0,0
1253036,8470965851287,5,4,0,6,2,3,0,0,0,0,0
1253037,8694209874596,3,4,0,4,3,0,0,0,0,0,0
1253038,8473807570167,0,4,0,1,0,0,0,0,0,0,0
1253039,8514563537086,2,4,0,3,2,0,0,0,0,0,0
1253040,8494163157498,1,4,0,2,1,0,0,0,0,0,0
1253041,8573759082743,1,4,0,2,1,0,0,0,0,0,0
1253042,8473742920331,0,4,0,1,0,0,0,0,0,0,0
1253043,8514503607075,2,4,0,3,2,0,0,0,0,0,0
1253044,8494104643142,1,4,0,2,1,0,0,0,0,0,0
1253045,8563114317349,2,4,0,3,1,1,0,0,0,0,0
1253046,8575648024092,5,4,0,6,5,0,0,0,0,0,0
1253047,8585246879075,4,4,0,5,3,1,0,0,0,0,0
1253048,8564854024030,4,4,0,5,4,0,0,0,0,0,0
1253049,8473629784305,0,4,0,1,0,0,0,0,0,0,0
1253050,8574320827597,5,4,0,6,3,2,0,0,0,0,0
1253051,8575593018991,5,4,0,6,5,0,0,0,0,0,0
1253052,8575271428223,5,4,0,6,4,1,0,0,0,0,0
1253053,8462475671952,5,4,0,6,3,2,0,0,0,0,0
1253054,8256611041143,6,4,0,7,6,0,0,0,0,0,0
1253055,8507648375618,4,4,0,5,3,1,0,0,0,0,0
1253056,8265296778027,6,4,0,7,6,0,0,0,0,0,0
1253057,8520869572009,3,4,0,4,3,0,0,0,0,0,0
1253058,8574039136092,5,4,0,6,4,1,0,0,0,0,0
1253059,8575379902947,5,4,0,6,5,0,0,0,0,0,0
1253060,8572219417840,4,4,0,5,3,1,0,0,0,0,0
1253061,8575299306870,5,4,0,6,5,0,0,0,0,0,0
1253062,8584985758229,5,4,0,6,5,0,0,0,0,0,0
1253063,8598476392319,5,4,0,6,5,0,0,0,0,0,0
1253064,8493766074074,1,4,0,2,1,0,0,0,0,0,0
1253065,8473372985784,0,4,0,1,0,0,0,0,0,0,0
1253066,8575224774203,5,4,0,6,5,0,0,0,0,0,0
1253067,8554847902431,4,4,0,5,3,1,0,0,0,0,0
1253068,8554819022605,4,4,0,5,4,0,0,0,0,0,0
1253069,8523681969722,4,4,0,5,1,3,0,0,0,0,0
1253070,8503670441824,2,4,0,3,1,1,0,0,0,0,0
1253071,8473276016214,0,4,0,1,0,0,0,0,0,0,0
1253072,8473259854722,0,4,0,1,0,0,0,0,0,0,0
1253073,8493626239978,1,4,0,2,1,0,0,0,0,0,0
1253074,8573586113464,3,4,0,4,2,1,0,0,0,0,0
1253075,8571775998143,3,4,0,4,2,1,0,0,0,0,0
1253076,8553388241961,2,4,0,3,1,1,0,0,0,0,0
1253077,8564177610531,2,4,0,3,1,1,0,0,0,0,0
1253078,8523559116015,2,4,0,3,2,0,0,0,0,0,0
1253079,8473146725145,0,4,0,1,0,0,0,0,0,0,0
1253080,8493544631678,1,4,0,2,0,1,0,0,0,0,0
1253081,8587655302981,5,4,0,6,5,0,0,0,0,0,0
1253082,8267244792383,3,4,0,4,1,2,0,0,0,0,0
1253083,8568869262903,5,4,0,6,4,1,0,0,0,0,0
1253084,8554722557371,4,4,0,5,4,0,0,0,0,0,0
1253085,8257439561856,6,4,0,7,6,0,0,0,0,0,0
1253086,8291034024392,4,4,0,5,4,0,0,0,0,0,0
1253087,8564086222933,4,4,0,5,4,0,0,0,0,0,0
1253088,8534708711906,3,4,0,4,2,1,0,0,0,0,0
1253089,8523236600760,2,4,0,3,0,2,0,0,0,0,0
1253090,8513798312158,2,4,0,3,2,0,0,0,0,0,0
1253091,8472954746292,0,4,0,1,0,0,0,0,0,0,0
1253092,8570800960931,2,4,0,3,0,2,0,0,0,0,0
1253093,8256831812499,6,4,0,7,6,0,0,0,0,0,0
1253094,8564791400016,4,4,0,5,3,1,0,0,0,0,0
1253095,8288575222933,3,4,0,4,2,1,0,0,0,0,0
1253096,8633637923796,5,4,0,6,3,2,0,0,0,0,0
1253097,8472859099178,0,4,0,1,0,0,0,0,0,0,0
1253098,8493243710497,1,4,0,2,1,0,0,0,0,0,0
1253099,8472826777816,0,4,0,1,0,0,0,0,0,0,0
1253100,8494794167736,1,4,0,2,0,1,0,0,0,0,0
1253101,8472794456578,0,4,0,1,0,0,0,0,0,0,0
1253102,8512103620199,3,4,0,4,2,1,0,0,0,0,0
1253103,8560696059012,4,4,0,5,3,1,0,0,0,0,0
1253104,8519159251110,2,4,0,3,2,0,0,0,0,0,0
1253105,8516732649282,2,4,0,3,0,2,0,0,0,0,0
1253106,8472713788664,0,4,0,1,0,0,0,0,0,0,0
1253107,8472697628245,0,4,0,1,0,0,0,0,0,0,0
1253108,8494710481682,1,4,0,2,1,0,0,0,0,0,0
1253109,8546723251118,3,4,0,4,3,0,0,0,0,0,0
1253110,8569237531650,2,4,0,3,1,1,0,0,0,0,0
1253111,8588288123979,5,4,0,6,3,2,0,0,0,0,0
1253112,8582402039603,4,4,0,5,3,1,0,0,0,0,0
1253113,8294384542105,2,4,0,3,1,1,0,0,0,0,0
1253114,8582700110559,5,4,0,6,5,0,0,0,0,0,0
1253115,8582694900113,5,4,0,6,5,0,0,0,0,0,0
1253116,8506271169796,4,4,0,5,3,1,0,0,0,0,0
1253117,8582637094226,5,4,0,6,5,0,0,0,0,0,0
1253118,8586581218566,5,4,0,6,5,0,0,0,0,0,0
1253119,8494533015020,1,4,0,2,1,0,0,0,0,0,0
1253120,8472488301388,0,4,0,1,0,0,0,0,0,0,0
1253121,8494500610979,1,4,0,2,1,0,0,0,0,0,0
1253122,8494484451021,1,4,0,2,1,0,0,0,0,0,0
1253123,8472439821514,0,4,0,1,0,0,0,0,0,0,0
1253124,8558842547781,2,4,0,3,1,1,0,0,0,0,0
1253125,8560520875880,4,4,0,5,4,0,0,0,0,0,0
1253126,8563893733989,4,4,0,5,2,2,0,0,0,0,0
1253127,8543543269369,3,4,0,4,2,1,0,0,0,0,0
1253128,8302282142024,4,4,0,5,3,1,0,0,0,0,0
1253129,8526277689081,5,4,0,6,5,0,0,0,0,0,0
1253130,8526629181378,4,4,0,5,3,1,0,0,0,0,0
1253131,8558729049849,2,4,0,3,1,1,0,0,0,0,0
1253132,8568379304533,4,4,0,5,4,0,0,0,0,0,0
1253133,8570557760685,2,4,0,3,1,1,0,0,0,0,0
1253134,8560374575427,4,4,0,5,4,0,0,0,0,0,0
1253135,8540024949524,3,4,0,4,2,1,0,0,0,0,0
1253136,8570508574200,4,4,0,5,4,0,0,0,0,0,0
1253137,8560325634666,4,4,0,5,4,0,0,0,0,0,0
1253138,8538281507810,3,4,0,4,3,0,0,0,0,0,0
1253139,8494209749722,1,4,0,2,1,0,0,0,0,0,0
1253140,8570443186572,3,4,0,4,2,1,0,0,0,0,0
1253141,8472149715650,0,4,0,1,0,0,0,0,0,0,0
1253142,8472133556306,0,4,0,1,0,0,0,0,0,0,0
1253143,8472117396994,0,4,0,1,0,0,0,0,0,0,0
1253144,8516156248167,2,4,0,3,2,0,0,0,0,0,0
1253145,8538167468095,3,4,0,4,3,0,0,0,0,0,0
1253146,8274389838287,3,4,0,4,0,3,0,0,0,0,0
1253147,8519725100770,5,4,0,6,5,0,0,0,0,0,0
1253148,8519628675220,3,4,0,4,1,2,0,0,0,0,0
1253149,8570297105741,3,4,0,4,3,0,0,0,0,0,0
1253150,8525983745391,5,4,0,6,5,0,0,0,0,0,0
1253151,8372130256043,4,4,0,5,3,1,0,0,0,0,0
1253152,8449534108527,3,4,0,4,2,1,0,0,0,0,0
1253153,8521386401867,5,4,0,6,5,0,0,0,0,0,0
1253154,8567411798598,4,4,0,5,2,2,0,0,0,0,0
1253155,8523580122853,5,4,0,6,5,0,0,0,0,0,0
1253156,8560017374585,4,4,0,5,4,0,0,0,0,0,0
1253157,8564863807473,3,4,0,4,2,1,0,0,0,0,0
1253158,8589876866391,4,4,0,5,2,2,0,0,0,0,0
1253159,8527662181309,5,4,0,6,5,0,0,0,0,0,0
1253160,8509331191300,5,4,0,6,3,2,0,0,0,0,0
1253161,8570102044776,2,4,0,3,1,1,0,0,0,0,0
1253162,8538303988207,3,4,0,4,3,0,0,0,0,0,0
1253163,8578043011265,2,4,0,3,1,1,0,0,0,0,0
1253164,8583833592052,4,4,0,5,2,2,0,0,0,0,0
1253165,8471764092107,0,4,0,1,0,0,0,0,0,0,0
1253166,8471747933499,0,4,0,1,0,0,0,0,0,0,0
1253167,8402217670204,2,4,0,3,1,1,0,0,0,0,0
1253168,8515768973925,1,4,0,2,0,1,0,0,0,0,0
1253169,8471699810205,0,4,0,1,0,0,0,0,0,0,0
1253170,8537762952241,3,4,0,4,3,0,0,0,0,0,0
1253171,8493693870756,1,4,0,2,1,0,0,0,0,0,0
1253172,8563145343734,4,4,0,5,2,2,0,0,0,0,0
1253173,8493661511924,1,4,0,2,1,0,0,0,0,0,0
1253174,8471619018088,0,4,0,1,0,0,0,0,0,0,0
1253175,8541070135680,3,4,0,4,2,1,0,0,0,0,0
1253176,8515639036303,2,4,0,3,2,0,0,0,0,0,0
1253177,8559675044868,4,4,0,5,4,0,0,0,0,0,0
1253178,8268857259537,5,4,0,6,2,3,0,0,0,0,0
1253179,8525662524926,5,4,0,6,5,0,0,0,0,0,0
1253180,8488729094048,3,4,0,4,2,1,0,0,0,0,0
1253181,8645253230286,4,4,0,5,2,2,0,0,0,0,0
1253182,8515542639586,2,4,0,3,1,1,0,0,0,0,0
1253183,8543526397467,3,4,0,4,3,0,0,0,0,0,0
1253184,8557370219909,2,4,0,3,1,1,0,0,0,0,0
1253185,8082841990647,3,4,0,4,0,3,0,0,0,0,0
1253186,8453762838281,5,4,0,6,3,2,0,0,0,0,0
1253187,8255612108952,1,4,0,2,0,1,0,0,0,0,0
1253188,8567472788023,4,4,0,5,4,0,0,0,0,0,0
1253189,8283545793258,4,4,0,5,2,2,0,0,0,0,0
1253190,8523389760880,4,4,0,5,1,3,0,0,0,0,0
1253191,8567921648340,2,4,0,3,1,1,0,0,0,0,0
1253192,8527243232616,4,4,0,5,3,1,0,0,0,0,0
1253193,8255632767641,1,4,0,2,0,1,0,0,0,0,0
1253194,8525274660234,5,4,0,6,5,0,0,0,0,0,0
1253195,8255602452089,1,4,0,2,0,1,0,0,0,0,0
1253196,8256093475970,1,4,0,2,0,1,0,0,0,0,0
1253197,8559354725382,4,4,0,5,3,1,0,0,0,0,0
1253198,8256175430576,1,4,0,2,0,1,0,0,0,0,0
1253199,8564991595221,4,4,0,5,4,0,0,0,0,0,0
1253200,8547230380963,3,4,0,4,2,1,0,0,0,0,0
1253201,8501189047886,3,4,0,4,0,3,0,0,0,0,0
1253202,8256113973234,1,4,0,2,0,1,0,0,0,0,0
1253203,8527617671383,5,4,0,6,5,0,0,0,0,0,0
1253204,8256139848052,1,4,0,2,0,1,0,0,0,0,0
1253205,8547200720405,4,4,0,5,3,1,0,0,0,0,0
1253206,8510325665901,5,4,0,6,3,2,0,0,0,0,0
1253207,8320971317734,4,4,0,5,4,0,0,0,0,0,0
1253208,8358656880465,4,4,0,5,2,2,0,0,0,0,0
1253209,8256120114161,1,4,0,2,0,1,0,0,0,0,0
1253210,8510533282498,5,4,0,6,3,2,0,0,0,0,0
1253211,8256089821991,1,4,0,2,0,1,0,0,0,0,0
1253212,8499422876543,3,4,0,4,1,2,0,0,0,0,0
1253213,8517006554267,5,4,0,6,4,1,0,0,0,0,0
1253214,8256156484594,1,4,0,2,0,1,0,0,0,0,0
1253215,8528912945250,5,4,0,6,5,0,0,0,0,0,0
1253216,8529784367330,3,4,0,4,2,1,0,0,0,0,0
1253217,8534984638722,4,4,0,5,2,2,0,0,0,0,0
1253218,8256095213421,1,4,0,2,0,1,0,0,0,0,0
1253219,8559001788487,4,4,0,5,4,0,0,0,0,0,0
1253220,8558985466810,4,4,0,5,4,0,0,0,0,0,0
1253221,8558970089276,4,4,0,5,4,0,0,0,0,0,0
1253222,8256033756274,1,4,0,2,0,1,0,0,0,0,0
1253223,8256075011800,1,4,0,2,0,1,0,0,0,0,0
1253224,8256060107830,1,4,0,2,0,1,0,0,0,0,0
1253225,8256101358293,1,4,0,2,0,1,0,0,0,0,0
1253226,8292641253141,3,4,0,4,1,2,0,0,0,0,0
1253227,8509253597976,5,4,0,6,4,1,0,0,0,0,0
1253228,8256112242864,1,4,0,2,0,1,0,0,0,0,0
1253229,8569007626562,4,4,0,5,4,0,0,0,0,0,0
1253230,8256081820811,1,4,0,2,0,1,0,0,0,0,0
1253231,8256123060990,1,4,0,2,0,1,0,0,0,0,0
1253232,8256164296183,1,4,0,2,0,1,0,0,0,0,0
1253233,8355819738475,1,4,0,2,0,1,0,0,0,0,0
1253234,8606366681588,5,4,0,6,3,2,0,0,0,0,0
1253235,8552720055687,4,4,0,5,3,1,0,0,0,0,0
1253236,8573104261543,5,4,0,6,5,0,0,0,0,0,0
1253237,8572561251000,5,4,0,6,4,1,0,0,0,0,0
1253238,8574576603958,5,4,0,6,5,0,0,0,0,0,0
1253239,8502238545740,4,4,0,5,3,1,0,0,0,0,0
1253240,8572767505548,5,4,0,6,5,0,0,0,0,0,0
1253241,8575287714103,5,4,0,6,4,1,0,0,0,0,0
1253242,8572368171225,5,4,0,6,4,1,0,0,0,0,0
1253243,8367850728378,5,4,0,6,4,1,0,0,0,0,0
1253244,8480262678555,4,4,0,5,2,2,0,0,0,0,0
1253245,8272867745807,6,4,0,7,6,0,0,0,0,0,0
1253246,8272668787911,6,4,0,7,6,0,0,0,0,0,0
1253247,8577313896402,5,4,0,6,5,0,0,0,0,0,0
1253248,8572332137939,5,4,0,6,5,0,0,0,0,0,0
1253249,8280503788608,5,4,0,6,4,1,0,0,0,0,0
1253250,8269557925711,6,4,0,7,6,0,0,0,0,0,0
1253251,8689851186512,5,4,0,6,4,1,0,0,0,0,0
1253252,8567316887907,4,4,0,5,2,2,0,0,0,0,0
1253253,8251673642395,6,4,0,7,6,0,0,0,0,0,0
1253254,8261410091244,6,4,0,7,6,0,0,0,0,0,0
1253255,8572066577760,5,4,0,6,5,0,0,0,0,0,0
1253256,8559416250945,2,4,0,3,1,1,0,0,0,0,0
1253257,8572219654998,5,4,0,6,0,5,0,0,0,0,0
1253258,8558064348974,4,4,0,5,3,1,0,0,0,0,0
1253259,8570226707043,3,4,0,4,3,0,0,0,0,0,0
1253260,8550252367736,3,4,0,4,2,1,0,0,0,0,0
1253261,8571755854912,5,4,0,6,5,0,0,0,0,0,0
1253262,8267157576177,6,4,0,7,6,0,0,0,0,0,0
1253263,8570161944535,3,4,0,4,2,1,0,0,0,0,0
1253264,8571707623604,5,4,0,6,5,0,0,0,0,0,0
1253265,8557904437018,4,4,0,5,3,1,0,0,0,0,0
1253266,8578535997677,5,4,0,6,5,0,0,0,0,0,0
1253267,8601013211284,5,4,0,6,4,1,0,0,0,0,0
1253268,8554347957983,5,4,0,6,1,4,0,0,0,0,0
1253269,8282931720219,6,4,0,7,6,0,0,0,0,0,0
1253270,8586080187798,5,4,0,6,4,1,0,0,0,0,0
1253271,8552680933945,4,4,0,5,3,1,0,0,0,0,0
1253272,8568244021105,2,4,0,3,2,0,0,0,0,0,0
1253273,8569786345180,3,4,0,4,2,1,0,0,0,0,0
1253274,8514833042136,4,4,0,5,3,1,0,0,0,0,0
1253275,8594061248817,5,4,0,6,3,2,0,0,0,0,0
1253276,8569537304379,3,4,0,4,3,0,0,0,0,0,0
1253277,8560330208808,2,4,0,3,1,1,0,0,0,0,0
1253278,8295296764902,6,4,0,7,6,0,0,0,0,0,0
1253279,8298733271062,6,4,0,7,6,0,0,0,0,0,0
1253280,8571232758479,5,4,0,6,5,0,0,0,0,0,0
1253281,8571237066640,5,4,0,6,5,0,0,0,0,0,0
1253282,8568692389149,5,4,0,6,0,5,0,0,0,0,0
1253283,8294348743130,6,4,0,7,5,1,0,0,0,0,0
1253284,8567642945490,4,4,0,5,2,2,0,0,0,0,0
1253285,8292792794162,6,4,0,7,5,1,0,0,0,0,0
1253286,8527177162680,4,4,0,5,3,1,0,0,0,0,0
1253287,8570915699429,5,4,0,6,5,0,0,0,0,0,0
1253288,8553599449465,2,4,0,3,0,2,0,0,0,0,0
1253289,8342268046695,2,4,0,3,1,1,0,0,0,0,0
1253290,8338261730128,4,4,0,5,4,0,0,0,0,0,0
1253291,8316878533209,6,4,0,7,6,0,0,0,0,0,0
1253292,8574147441550,5,4,0,6,4,1,0,0,0,0,0
1253293,8532536598141,3,4,0,4,2,1,0,0,0,0,0
1253294,8573418479276,5,4,0,6,4,1,0,0,0,0,0
1253295,8579817342714,5,4,0,6,5,0,0,0,0,0,0
1253296,8577919308591,5,4,0,6,5,0,0,0,0,0,0
1253297,8306252028035,6,4,0,7,5,1,0,0,0,0,0
1253298,8520428225377,1,4,0,2,0,1,0,0,0,0,0
1253299,8687628407009,5,4,0,6,4,1,0,0,0,0,0
1253300,8577548579887,5,4,0,6,4,1,0,0,0,0,0
1253301,8570458682391,5,4,0,6,4,1,0,0,0,0,0
1253302,8317478649049,6,4,0,7,6,0,0,0,0,0,0
1253303,8567068933152,5,4,0,6,4,1,0,0,0,0,0
1253304,8568779679187,3,4,0,4,0,3,0,0,0,0,0
1253305,8561011063201,4,4,0,5,2,2,0,0,0,0,0
1253306,8568747370456,3,4,0,4,3,0,0,0,0,0,0
1253307,8323757084113,6,4,0,7,6,0,0,0,0,0,0
1253308,8228632477196,6,4,0,7,4,2,0,0,0,0,0
1253309,8570197428560,2,4,0,3,0,2,0,0,0,0,0
1253310,7913478643943,2,4,0,3,1,1,0,0,0,0,0
1253311,8520246407801,1,4,0,2,0,1,0,0,0,0,0
1253312,8581829101708,5,4,0,6,5,0,0,0,0,0,0
1253313,8286281400237,6,4,0,7,5,1,0,0,0,0,0
1253314,8570068665866,5,4,0,6,5,0,0,0,0,0,0
1253315,8568503426064,4,4,0,5,3,1,0,0,0,0,0
1253316,8540841617911,2,4,0,3,2,0,0,0,0,0,0
1253317,8489996033266,4,4,0,5,2,2,0,0,0,0,0
1253318,8380390932984,3,4,0,4,3,0,0,0,0,0,0
1253319,8582091387320,5,4,0,6,4,1,0,0,0,0,0
1253320,8568471109683,3,4,0,4,2,1,0,0,0,0,0
1253321,8569956242762,5,4,0,6,5,0,0,0,0,0,0
1253322,8559121309544,3,4,0,4,2,1,0,0,0,0,0
1253323,8334363552341,6,4,0,7,6,0,0,0,0,0,0
1253324,8338374462236,6,4,0,7,6,0,0,0,0,0,0
1253325,8570037938361,5,4,0,6,4,1,0,0,0,0,0
1253326,8604041321430,5,4,0,6,4,1,0,0,0,0,0
1253327,8569889313346,5,4,0,6,5,0,0,0,0,0,0
1253328,8322981878163,6,4,0,7,6,0,0,0,0,0,0
1253329,8569992620776,5,4,0,6,5,0,0,0,0,0,0
1253330,8327926353123,6,4,0,7,6,0,0,0,0,0,0
1253331,8569929304422,5,4,0,6,4,1,0,0,0,0,0
1253332,8569876777212,5,4,0,6,5,0,0,0,0,0,0
1253333,8316788024772,6,4,0,7,6,0,0,0,0,0,0
1253334,8565248901122,5,4,0,6,3,2,0,0,0,0,0
1253335,8323640682952,6,4,0,7,6,0,0,0,0,0,0
1253336,7997626226219,6,4,0,7,5,1,0,0,0,0,0
1253337,8524335954870,1,4,0,2,0,1,0,0,0,0,0
1253338,8555818781426,4,4,0,5,1,3,0,0,0,0,0
1253339,7905118718108,2,4,0,3,0,2,0,0,0,0,0
1253340,8554205465852,4,4,0,5,2,2,0,0,0,0,0
1253341,8566799023036,4,4,0,5,2,2,0,0,0,0,0
1253342,8510818545119,2,4,0,3,1,1,0,0,0,0,0
1253343,8568340330413,3,4,0,4,2,1,0,0,0,0,0
1253344,8474278692422,3,4,0,4,0,3,0,0,0,0,0
1253345,8348091130572,3,4,0,4,2,1,0,0,0,0,0
1253346,8508060994777,3,4,0,4,1,2,0,0,0,0,0
1253347,8529895376329,3,4,0,4,2,1,0,0,0,0,0
1253348,8557450691297,2,4,0,3,1,1,0,0,0,0,0
1253349,8557453535021,2,4,0,3,1,1,0,0,0,0,0
1253350,8558971605028,2,4,0,3,0,2,0,0,0,0,0
1253351,8557402155435,2,4,0,3,1,1,0,0,0,0,0
1253352,8823637327588,5,4,0,6,2,3,0,0,0,0,0
1253353,8560479306151,2,4,0,3,1,1,0,0,0,0,0
1253354,8549522162198,4,4,0,5,1,3,0,0,0,0,0
1253355,8526044164597,3,4,0,4,3,0,0,0,0,0,0
1253356,8598779095957,4,4,0,5,3,1,0,0,0,0,0
1253357,8557324423554,2,4,0,3,2,0,0,0,0,0,0
1253358,8529692486157,3,4,0,4,3,0,0,0,0,0,0
1253359,8557292209271,2,4,0,3,2,0,0,0,0,0,0
1253360,8522846613336,3,4,0,4,1,2,0,0,0,0,0
1253361,8535866660441,3,4,0,4,3,0,0,0,0,0,0
1253362,8541443435915,3,4,0,4,3,0,0,0,0,0,0
1253363,8541444052348,3,4,0,4,3,0,0,0,0,0,0
1253364,8598082575776,5,4,0,6,3,2,0,0,0,0,0
1253365,8556974001409,2,4,0,3,2,0,0,0,0,0,0
1253366,8516333317211,3,4,0,4,2,1,0,0,0,0,0
1253367,8557185370922,2,4,0,3,2,0,0,0,0,0,0
1253368,8556954936146,2,4,0,3,2,0,0,0,0,0,0
1253369,8556938745534,2,4,0,3,2,0,0,0,0,0,0
1253370,8544178103774,3,4,0,4,3,0,0,0,0,0,0
1253371,8569438210731,2,4,0,3,1,1,0,0,0,0,0
1253372,8552421113964,4,4,0,5,3,1,0,0,0,0,0
1253373,8542616346105,4,4,0,5,3,1,0,0,0,0,0
1253374,8302992934862,6,4,0,7,3,3,0,0,0,0,0
1253375,8291363493736,6,4,0,7,0,6,0,0,0,0,0
1253376,8568801527901,5,4,0,6,0,5,0,0,0,0,0
1253377,8312448101856,6,4,0,7,0,6,0,0,0,0,0
1253378,8556019145019,3,4,0,4,1,2,0,0,0,0,0
1253379,8557941016409,3,4,0,4,2,1,0,0,0,0,0
1253380,8413741708917,4,4,0,5,4,0,0,0,0,0,0
1253381,8660617658474,5,4,0,6,0,5,0,0,0,0,0
1253382,8584572037707,5,4,0,6,3,2,0,0,0,0,0
1253383,8388094635392,6,4,0,7,5,1,0,0,0,0,0
1253384,8570377935785,5,4,0,6,4,1,0,0,0,0,0
1253385,8402183371144,6,4,0,7,6,0,0,0,0,0,0
1253386,8571663976281,5,4,0,6,4,1,0,0,0,0,0
1253387,8552884871533,3,4,0,4,2,1,0,0,0,0,0
1253388,8568401020502,5,4,0,6,5,0,0,0,0,0,0
1253389,8528211851946,4,4,0,5,2,2,0,0,0,0,0
1253390,8571390620800,5,4,0,6,4,1,0,0,0,0,0
1253391,8568538249459,5,4,0,6,5,0,0,0,0,0,0
1253392,8665908611156,5,4,0,6,4,1,0,0,0,0,0
1253393,8370789357708,6,4,0,7,6,0,0,0,0,0,0
1253394,8557389021229,3,4,0,4,2,1,0,0,0,0,0
1253395,8376545588928,6,4,0,7,6,0,0,0,0,0,0
1253396,8546549787122,3,4,0,4,2,1,0,0,0,0,0
1253397,8568491337830,5,4,0,6,5,0,0,0,0,0,0
1253398,8560947141739,4,4,0,5,3,1,0,0,0,0,0
1253399,8565813018973,2,4,0,3,1,1,0,0,0,0,0
1253400,8568315586157,5,4,0,6,5,0,0,0,0,0,0
1253401,8545747138298,5,4,0,6,4,1,0,0,0,0,0
1253402,8568773642507,5,4,0,6,5,0,0,0,0,0,0
1253403,8374558730120,6,4,0,7,6,0,0,0,0,0,0
1253404,8359234967944,6,4,0,7,6,0,0,0,0,0,0
1253405,8578568576656,5,4,1,5,3,1,0,0,0,0,0
1253406,8020547159482,6,4,0,7,4,2,0,0,0,0,0
1253407,8384015957873,6,4,0,7,6,0,0,0,0,0,0
1253408,8665171720616,5,4,0,6,3,2,0,0,0,0,0
1253409,8370129958776,5,4,0,6,4,1,0,0,0,0,0
1253410,8388747082387,6,4,0,7,6,0,0,0,0,0,0
1253411,8518072050598,4,4,0,5,1,3,0,0,0,0,0
1253412,8362971724911,6,4,0,7,5,1,0,0,0,0,0
1253413,8507806306861,4,4,0,5,1,3,0,0,0,0,0
1253414,8558642951684,5,4,0,6,4,1,0,0,0,0,0
1253415,8568737935648,5,4,0,6,5,0,0,0,0,0,0
1253416,8558627473336,5,4,0,6,4,1,0,0,0,0,0
1253417,8568261929202,4,4,0,5,4,0,0,0,0,0,0
1253418,8379889512552,6,4,0,7,6,0,0,0,0,0,0
1253419,8547382110579,5,4,0,6,4,1,0,0,0,0,0
1253420,8572004498072,3,4,0,4,1,2,0,0,0,0,0
1253421,8296213301652,6,4,0,7,4,2,0,0,0,0,0
1253422,8547691660260,1,4,0,2,0,1,0,0,0,0,0
1253423,8543386629843,3,4,0,4,2,1,0,0,0,0,0
1253424,8569407362455,5,4,0,6,4,1,0,0,0,0,0
1253425,8556351669774,2,4,0,3,2,0,0,0,0,0,0
1253426,8554819577177,4,4,0,5,3,1,0,0,0,0,0
1253427,8566284488969,5,4,0,6,3,2,0,0,0,0,0
1253428,8564916629740,4,4,0,5,4,0,0,0,0,0,0
1253429,8566309251747,4,4,0,5,2,2,0,0,0,0,0
1253430,8376291922588,6,4,0,7,6,0,0,0,0,0,0
1253431,8566968938981,5,4,0,6,5,0,0,0,0,0,0
1253432,8566952713542,5,4,0,6,5,0,0,0,0,0,0
1253433,8566936412253,5,4,0,6,5,0,0,0,0,0,0
1253434,8566919732564,5,4,0,6,5,0,0,0,0,0,0
1253435,8562313357542,4,4,0,5,3,1,0,0,0,0,0
1253436,8566961457705,5,4,0,6,4,1,0,0,0,0,0
1253437,8361376925476,6,4,0,7,6,0,0,0,0,0,0
1253438,8576185483772,5,4,0,6,4,1,0,0,0,0,0
1253439,8540180526770,1,4,0,2,0,1,0,0,0,0,0
1253440,8589372235001,4,4,0,5,2,2,0,0,0,0,0
1253441,8346059561566,6,4,0,7,5,1,0,0,0,0,0
1253442,8555847302641,4,4,0,5,3,1,0,0,0,0,0
1253443,8547239046010,3,4,0,4,3,0,0,0,0,0,0
1253444,8019318619095,2,4,0,3,1,1,0,0,0,0,0
1253445,8553014092638,2,4,0,3,1,1,0,0,0,0,0
1253446,8526982024211,3,4,0,4,3,0,0,0,0,0,0
1253447,8487136501176,1,4,0,2,1,0,0,0,0,0,0
1253448,8566817493969,5,4,0,6,4,1,0,0,0,0,0
1253449,8291197747246,6,4,0,7,1,5,0,0,0,0,0
1253450,8310332375457,6,4,0,7,2,4,0,0,0,0,0
1253451,8499203650073,5,4,0,6,3,2,0,0,0,0,0
1253452,8376572895014,6,4,0,7,6,0,0,0,0,0,0
1253453,8566786960325,5,4,0,6,5,0,0,0,0,0,0
1253454,8565189246702,3,4,0,4,2,1,0,0,0,0,0
1253455,8566950449874,5,4,0,6,5,0,0,0,0,0,0
1253456,8429012777501,4,4,0,5,3,1,0,0,0,0,0
1253457,8379803810006,4,4,0,5,3,1,0,0,0,0,0
1253458,8493566988945,5,4,0,6,0,5,0,0,0,0,0
1253459,8580502426608,5,4,0,6,4,1,0,0,0,0,0
1253460,8556736204224,3,4,0,4,2,1,0,0,0,0,0
1253461,8566412883417,5,4,0,6,5,0,0,0,0,0,0
1253462,9056498796994,5,4,0,6,4,1,0,0,0,0,0
1253463,8572505432369,5,4,0,6,5,0,0,0,0,0,0
1253464,8541707330617,2,4,0,3,0,2,0,0,0,0,0
1253465,8566347778742,3,4,0,4,2,1,0,0,0,0,0
1253466,8340136689228,6,4,0,7,6,0,0,0,0,0,0
1253467,8566315949176,5,4,0,6,5,0,0,0,0,0,0
1253468,8566377556408,5,4,0,6,5,0,0,0,0,0,0
1253469,8566811008429,5,4,0,6,3,2,0,0,0,0,0
1253470,8566423014324,5,4,0,6,5,0,0,0,0,0,0
1253471,8547379922378,4,4,0,5,4,0,0,0,0,0,0
1253472,8243231305033,5,4,0,6,3,2,0,0,0,0,0
1253473,8377501452397,6,4,0,7,6,0,0,0,0,0,0
1253474,8457484864484,5,4,0,6,4,1,0,0,0,0,0
1253475,8567249990408,5,4,0,6,2,3,0,0,0,0,0
1253476,8567233652483,5,4,0,6,5,0,0,0,0,0,0
1253477,8365999972149,6,4,0,7,6,0,0,0,0,0,0
1253478,8567201889218,5,4,0,6,5,0,0,0,0,0,0
1253479,8551733422171,4,4,0,5,2,2,0,0,0,0,0
1253480,8542811546157,4,4,0,5,3,1,0,0,0,0,0
1253481,8557599886845,3,4,0,4,2,1,0,0,0,0,0
1253482,8564268888418,5,4,0,6,1,4,0,0,0,0,0
1253483,8576123564288,5,4,0,6,3,2,0,0,0,0,0
1253484,8495018751538,5,4,0,6,2,3,0,0,0,0,0
1253485,8574739326023,4,4,0,5,1,3,0,0,0,0,0
1253486,8566941302750,5,4,0,6,4,1,0,0,0,0,0
1253487,8554693445792,2,4,0,3,0,2,0,0,0,0,0
1253488,8561745054673,5,4,0,6,4,1,0,0,0,0,0
1253489,8588790834247,5,4,0,6,3,2,0,0,0,0,0
1253490,8496571614721,1,4,0,2,1,0,0,0,0,0,0
1253491,8526737964433,3,4,0,4,3,0,0,0,0,0,0
1253492,8466539317345,0,4,0,1,0,0,0,0,0,0,0
1253493,8523388464657,1,4,0,2,0,1,0,0,0,0,0
1253494,8322221577824,6,4,0,7,6,0,0,0,0,0,0
1253495,8558296579074,4,4,0,5,3,1,0,0,0,0,0
1253496,8544561924284,3,4,0,4,1,2,0,0,0,0,0
1253497,8519088427966,1,4,0,2,0,1,0,0,0,0,0
1253498,8568727134522,5,4,0,6,5,0,0,0,0,0,0
1253499,7932799939279,2,4,0,3,1,1,0,0,0,0,0
1253500,8536756814009,3,4,0,4,2,1,0,0,0,0,0
1253501,8537453378812,2,4,0,3,0,2,0,0,0,0,0
1253502,8486552231394,1,4,0,2,1,0,0,0,0,0,0
1253503,8335792676180,6,4,0,7,6,0,0,0,0,0,0
1253504,7946623134444,2,4,0,3,1,1,0,0,0,0,0
1253505,8562699702128,4,4,0,5,1,3,0,0,0,0,0
1253506,8547049875043,4,4,0,5,4,0,0,0,0,0,0
1253507,8519131912731,4,4,0,5,3,1,0,0,0,0,0
1253508,8512468061410,2,4,0,3,2,0,0,0,0,0,0
1253509,7896746720242,2,4,0,3,1,1,0,0,0,0,0
1253510,8554823281408,2,4,0,3,1,1,0,0,0,0,0
1253511,8556360943013,2,4,0,3,2,0,0,0,0,0,0
1253512,8466221665602,0,4,0,1,0,0,0,0,0,0,0
1253513,8564206440535,2,4,0,3,2,0,0,0,0,0,0
1253514,8554776550265,2,4,0,3,2,0,0,0,0,0,0
1253515,8554802465753,2,4,0,3,1,1,0,0,0,0,0
1253516,7946424057845,3,4,0,4,2,1,0,0,0,0,0
1253517,8506782697175,4,4,0,5,2,2,0,0,0,0,0
1253518,8522769474920,3,4,0,4,2,1,0,0,0,0,0
1253519,8750946113299,5,4,0,6,3,2,0,0,0,0,0
1253520,8551664631465,2,4,0,3,1,1,0,0,0,0,0
1253521,8286506630783,6,4,0,7,6,0,0,0,0,0,0
1253522,8292921871868,6,4,0,7,6,0,0,0,0,0,0
1253523,8293170677751,6,4,0,7,6,0,0,0,0,0,0
1253524,8512145869102,1,4,0,2,0,1,0,0,0,0,0
1253525,8303952830899,6,4,0,7,6,0,0,0,0,0,0
1253526,8568493771638,5,4,0,6,4,1,0,0,0,0,0
1253527,8567210548566,5,4,0,6,5,0,0,0,0,0,0
1253528,8567825668198,5,4,0,6,1,4,0,0,0,0,0
1253529,8521997892673,5,4,0,6,5,0,0,0,0,0,0
1253530,8561989516126,4,4,0,5,3,1,0,0,0,0,0
1253531,8524207699541,4,4,0,5,3,1,0,0,0,0,0
1253532,8567103243605,5,4,0,6,5,0,0,0,0,0,0
1253533,8556243764811,3,4,0,4,3,0,0,0,0,0,0
1253534,8566781155666,5,4,0,6,5,0,0,0,0,0,0
1253535,8565212347147,3,4,0,4,1,2,0,0,0,0,0
1253536,8524206300087,3,4,0,4,1,2,0,0,0,0,0
1253537,8566766494369,5,4,0,6,5,0,0,0,0,0,0
1253538,8311224595851,6,4,0,7,6,0,0,0,0,0,0
1253539,8323836171378,6,4,0,7,6,0,0,0,0,0,0
1253540,8566843874055,5,4,0,6,5,0,0,0,0,0,0
1253541,8324165459199,6,4,0,7,6,0,0,0,0,0,0
1253542,8668244288546,5,4,0,6,2,3,0,0,0,0,0
1253543,8518270123817,1,4,0,2,0,1,0,0,0,0,0
1253544,8568258619820,5,4,0,6,5,0,0,0,0,0,0
1253545,8518169356778,1,4,0,2,0,1,0,0,0,0,0
1253546,8549559997054,3,4,0,4,1,2,0,0,0,0,0
1253547,7952950016357,3,4,0,4,0,3,0,0,0,0,0
1253548,8552472363930,4,4,0,5,3,1,0,0,0,0,0
1253549,8556755950558,4,4,0,5,2,2,0,0,0,0,0
1253550,8627615254129,3,4,0,4,1,2,0,0,0,0,0
1253551,8465599107250,0,4,0,1,0,0,0,0,0,0,0
1253552,7900436930369,2,4,0,3,1,1,0,0,0,0,0
1253553,8487365271138,1,4,0,2,0,1,0,0,0,0,0
1253554,8505995721170,2,4,0,3,1,1,0,0,0,0,0
1253555,8565968971422,5,4,0,6,3,2,0,0,0,0,0
1253556,7906294894022,2,4,0,3,1,1,0,0,0,0,0
1253557,8587325625477,2,4,0,3,2,0,0,0,0,0,0
1253558,8485750822418,1,4,0,2,1,0,0,0,0,0,0
1253559,8511520014215,1,4,0,2,0,1,0,0,0,0,0
1253560,8566863015786,5,4,0,6,4,1,0,0,0,0,0
1253561,8560238284108,5,4,0,6,2,3,0,0,0,0,0
1253562,8512101908795,1,4,0,2,0,1,0,0,0,0,0
1253563,8531475116566,3,4,0,4,1,2,0,0,0,0,0
1253564,8505942062169,2,4,0,3,2,0,0,0,0,0,0
1253565,8533925838884,3,4,0,4,3,0,0,0,0,0,0
1253566,8512301885154,1,4,0,2,0,1,0,0,0,0,0
1253567,8568443649589,5,4,0,6,4,1,0,0,0,0,0
1253568,8512030254617,1,4,0,2,0,1,0,0,0,0,0
1253569,8485622094199,1,4,0,2,1,0,0,0,0,0,0
1253570,8516966316822,1,4,0,2,0,1,0,0,0,0,0
1253571,8566652905419,5,4,0,6,4,1,0,0,0,0,0
1253572,8526087479968,3,4,0,4,3,0,0,0,0,0,0
1253573,8485508873964,1,4,0,2,1,0,0,0,0,0,0
1253574,8465231268763,0,4,0,1,0,0,0,0,0,0,0
1253575,8548017403209,4,4,0,5,3,1,0,0,0,0,0
1253576,8465198976499,0,4,0,1,0,0,0,0,0,0,0
1253577,8499060245999,1,4,0,2,0,1,0,0,0,0,0
1253578,8499070613224,1,4,0,2,0,1,0,0,0,0,0
1253579,8626152624577,4,4,0,5,3,1,0,0,0,0,0
1253580,8502031950420,1,4,0,2,0,1,0,0,0,0,0
1253581,8485466048900,1,4,0,2,1,0,0,0,0,0,0
1253582,8565207466947,3,4,0,4,2,1,0,0,0,0,0
1253583,8499043386051,1,4,0,2,0,1,0,0,0,0,0
1253584,8499053740958,1,4,0,2,0,1,0,0,0,0,0
1253585,8611388168163,3,4,0,4,2,1,0,0,0,0,0
1253586,8499126593844,1,4,0,2,0,1,0,0,0,0,0
1253587,8501997724618,1,4,0,2,0,1,0,0,0,0,0
1253588,8502795369427,1,4,0,2,0,1,0,0,0,0,0
1253589,8499360223304,1,4,0,2,0,1,0,0,0,0,0
1253590,8464974232788,0,4,0,1,0,0,0,0,0,0,0
1253591,8512855655355,2,4,0,3,1,1,0,0,0,0,0
1253592,8501943774283,1,4,0,2,0,1,0,0,0,0,0
1253593,8525966506157,3,4,0,4,3,0,0,0,0,0,0
1253594,8531576489685,3,4,0,4,3,0,0,0,0,0,0
1253595,8498957239159,1,4,0,2,0,1,0,0,0,0,0
1253596,8505605038152,2,4,0,3,1,1,0,0,0,0,0
1253597,8501889827252,1,4,0,2,0,1,0,0,0,0,0
1253598,8505538942569,2,4,0,3,2,0,0,0,0,0,0
1253599,8546232823085,4,4,0,5,0,4,0,0,0,0,0
1253600,8554025357461,2,4,0,3,1,1,0,0,0,0,0
1253601,8512029974075,3,4,0,4,2,1,0,0,0,0,0
1253602,8274142669041,6,4,0,7,6,0,0,0,0,0,0
1253603,8275536422413,6,4,0,7,6,0,0,0,0,0,0
1253604,8573355594281,5,4,0,6,3,2,0,0,0,0,0
1253605,8563270477620,2,4,0,3,0,2,0,0,0,0,0
1253606,8566190731214,5,4,0,6,5,0,0,0,0,0,0
1253607,8566396563491,5,4,0,6,5,0,0,0,0,0,0
1253608,8566665694522,5,4,0,6,4,1,0,0,0,0,0
1253609,8566401590612,5,4,0,6,5,0,0,0,0,0,0
1253610,8556197106601,5,4,0,6,2,3,0,0,0,0,0
1253611,8464637024951,0,4,0,1,0,0,0,0,0,0,0
1253612,8484953526142,1,4,0,2,1,0,0,0,0,0,0
1253613,8464604734955,0,4,0,1,0,0,0,0,0,0,0
1253614,8484939019790,1,4,0,2,1,0,0,0,0,0,0
1253615,8505282010523,2,4,0,3,1,1,0,0,0,0,0
1253616,8484917321273,1,4,0,2,1,0,0,0,0,0,0
1253617,8504113613424,5,4,0,6,4,1,0,0,0,0,0
1253618,8269843282910,6,4,0,7,6,0,0,0,0,0,0
1253619,8469607919602,3,4,0,4,2,1,0,0,0,0,0
1253620,8544423937215,3,4,0,4,1,2,0,0,0,0,0
1253621,8639578386949,5,4,0,6,3,2,0,0,0,0,0
1253622,8484837540656,1,4,0,2,1,0,0,0,0,0,0
1253623,8464444266974,0,4,0,1,0,0,0,0,0,0,0
1253624,8464428122327,0,4,0,1,0,0,0,0,0,0,0
1253625,8484817015209,1,4,0,2,1,0,0,0,0,0,0
1253626,8464395833127,0,4,0,1,0,0,0,0,0,0,0
1253627,8558994953897,3,4,0,4,3,0,0,0,0,0,0
1253628,8560056955092,4,4,0,5,2,2,0,0,0,0,0
1253629,8552376780374,4,4,0,5,3,1,0,0,0,0,0
1253630,8492331255097,1,4,0,2,0,1,0,0,0,0,0
1253631,8533722626957,1,4,0,2,0,1,0,0,0,0,0
1253632,8464298966266,0,4,0,1,0,0,0,0,0,0,0
1253633,8573722744230,3,4,0,4,2,1,0,0,0,0,0
1253634,8464200000000,0,4,1,0,0,0,0,0,0,0,0
1253635,8357025501082,5,4,0,6,4,1,0,0,0,0,0
1253636,8553956018467,4,4,0,5,3,1,0,0,0,0,0
1253637,8548861041022,1,4,0,2,1,0,0,0,0,0,0
1253638,8555616110308,3,4,0,4,1,2,0,0,0,0,0
1253639,8331552300274,5,4,0,6,3,2,0,0,0,0,0
1253640,8552198403605,4,4,0,5,4,0,0,0,0,0,0
1253641,8520760839910,5,4,0,6,5,0,0,0,0,0,0
1253642,8578002386470,4,4,0,5,1,3,0,0,0,0,0
1253643,8562306886838,4,4,0,5,3,1,0,0,0,0,0
1253644,8531819243947,3,4,0,4,2,1,0,0,0,0,0
1253645,8508103473258,2,4,0,3,2,0,0,0,0,0,0
1253646,8513289536556,5,4,0,6,5,0,0,0,0,0,0
1253647,8557162814184,4,4,0,5,2,2,0,0,0,0,0
1253648,8512705874301,5,4,0,6,4,1,0,0,0,0,0
1253649,8522025778059,2,4,0,3,1,1,0,0,0,0,0
1253650,8292269350054,4,4,0,5,3,1,0,0,0,0,0
1253651,8519540244518,5,4,0,6,5,0,0,0,0,0,0
1253652,8511376469183,2,4,0,3,1,1,0,0,0,0,0
1253653,8507974549211,2,4,0,3,2,0,0,0,0,0,0
1253654,8560434885062,4,4,0,5,3,1,0,0,0,0,0
1253655,8509872839749,5,4,0,6,4,1,0,0,0,0,0
1253656,8518914646810,5,4,0,6,5,0,0,0,0,0,0
1253657,8485903691295,1,4,0,2,1,0,0,0,0,0,0
1253658,8485887506000,1,4,0,2,1,0,0,0,0,0,0
1253659,8485871320451,1,4,0,2,0,1,0,0,0,0,0
1253660,8463849085347,0,4,0,1,0,0,0,0,0,0,0
1253661,8463832941836,0,4,0,1,0,0,0,0,0,0,0
1253662,8485822764000,1,4,0,2,1,0,0,0,0,0,0
1253663,8337402397248,5,4,0,6,3,2,0,0,0,0,0
1253664,8553501349426,4,4,0,5,3,1,0,0,0,0,0
1253665,8555786357998,4,4,0,5,4,0,0,0,0,0,0
1253666,8485758490806,1,4,0,2,1,0,0,0,0,0,0
1253667,8485742305502,1,4,0,2,1,0,0,0,0,0,0
1253668,8485726120228,1,4,0,2,1,0,0,0,0,0,0
1253669,8463704261946,0,4,0,1,0,0,0,0,0,0,0
1253670,8290418781113,3,4,0,4,1,2,0,0,0,0,0
1253671,8514944341543,4,4,0,5,2,2,0,0,0,0,0
1253672,8485662060903,1,4,0,2,1,0,0,0,0,0,0
1253673,8529656889960,3,4,0,4,2,1,0,0,0,0,0
1253674,8463624226069,0,4,0,1,0,0,0,0,0,0,0
1253675,8511613505972,2,4,0,3,2,0,0,0,0,0,0
1253676,8529608082959,3,4,0,4,3,0,0,0,0,0,0
1253677,8538055405943,1,4,0,2,0,1,0,0,0,0,0
1253678,8544809981557,3,4,0,4,1,2,0,0,0,0,0
1253679,8565554105100,4,4,0,5,2,2,0,0,0,0,0
1253680,8546470094436,3,4,0,4,2,1,0,0,0,0,0
1253681,8529527074352,2,4,0,3,1,1,0,0,0,0,0
1253682,8527817767584,1,4,0,2,1,0,0,0,0,0,0
1253683,8463478939438,0,4,0,1,0,0,0,0,0,0,0
1253684,8537472887095,3,4,0,4,3,0,0,0,0,0,0
1253685,8463446653859,0,4,0,1,0,0,0,0,0,0,0
1253686,8298685043180,3,4,0,4,1,2,0,0,0,0,0
1253687,8523455331810,4,4,0,5,3,1,0,0,0,0,0
1253688,8555413512908,4,4,0,5,4,0,0,0,0,0,0
1253689,8463382733880,0,4,0,1,0,0,0,0,0,0,0
1253690,8507376181455,2,4,0,3,2,0,0,0,0,0,0
1253691,8485355201802,1,4,0,2,1,0,0,0,0,0,0
1253692,8463334306108,0,4,0,1,0,0,0,0,0,0,0
1253693,8485322832772,1,4,0,2,1,0,0,0,0,0,0
1253694,8515306648297,2,4,0,3,2,0,0,0,0,0,0
1253695,8514841207623,5,4,0,6,5,0,0,0,0,0,0
1253696,8552980807129,4,4,0,5,3,1,0,0,0,0,0
1253697,8493253705288,1,4,0,2,0,1,0,0,0,0,0
1253698,8563104059928,3,4,0,4,2,1,0,0,0,0,0
1253699,8534312709713,3,4,0,4,1,2,0,0,0,0,0
1253700,8507214029639,2,4,0,3,2,0,0,0,0,0,0
1253701,8517843659706,5,4,0,6,5,0,0,0,0,0,0
1253702,8517026020396,5,4,0,6,5,0,0,0,0,0,0
1253703,8523469670584,2,4,0,3,0,2,0,0,0,0,0
1253704,8535597687262,2,4,0,3,2,0,0,0,0,0,0
1253705,8517047015863,5,4,0,6,5,0,0,0,0,0,0
1253706,8511768061845,5,4,0,6,4,1,0,0,0,0,0
1253707,8506409542998,5,4,0,6,4,1,0,0,0,0,0
1253708,8323955807951,3,4,0,4,3,0,0,0,0,0,0
1253709,8551077343374,4,4,0,5,3,1,0,0,0,0,0
1253710,8568131293170,4,4,0,5,3,1,0,0,0,0,0
1253711,8617192423633,2,4,0,3,1,1,0,0,0,0,0
1253712,8463012793207,0,4,0,1,0,0,0,0,0,0,0
1253713,8462996651291,0,4,0,1,0,0,0,0,0,0,0
1253714,8430581051985,5,4,0,6,3,2,0,0,0,0,0
1253715,8506972231458,2,4,0,3,1,1,0,0,0,0,0
1253716,8462948507054,0,4,0,1,0,0,0,0,0,0,0
1253717,8554332209115,4,4,0,5,2,2,0,0,0,0,0
1253718,8462916223498,0,4,0,1,0,0,0,0,0,0,0
1253719,8462900081767,0,4,0,1,0,0,0,0,0,0,0
1253720,8462883940066,0,4,0,1,0,0,0,0,0,0,0
1253721,8559344675312,2,4,0,3,0,2,0,0,0,0,0
1253722,8488240260141,1,4,0,2,0,1,0,0,0,0,0
1253723,8297941654087,4,4,0,5,4,0,0,0,0,0,0
1253724,8512052129931,5,4,0,6,5,0,0,0,0,0,0
1253725,8518228974973,5,4,0,6,5,0,0,0,0,0,0
1253726,7939265146857,2,4,0,3,2,0,0,0,0,0,0
1253727,8510360050752,3,4,0,4,0,3,0,0,0,0,0
1253728,8572455985470,4,4,0,5,2,2,0,0,0,0,0
1253729,8517187165035,5,4,0,6,5,0,0,0,0,0,0
1253730,8520480796058,5,4,0,6,5,0,0,0,0,0,0
1253731,8520531212680,5,4,0,6,5,0,0,0,0,0,0
1253732,8564214666676,4,4,0,5,3,1,0,0,0,0,0
1253733,8484679655567,1,4,0,2,1,0,0,0,0,0,0
1253734,8555749830027,4,4,0,5,3,1,0,0,0,0,0
1253735,8560811252734,2,4,0,3,1,1,0,0,0,0,0
1253736,8517324881215,5,4,0,6,5,0,0,0,0,0,0
1253737,8516507373239,5,4,0,6,5,0,0,0,0,0,0
1253738,8555684768780,4,4,0,5,3,1,0,0,0,0,0
1253739,8519444256894,5,4,0,6,5,0,0,0,0,0,0
1253740,8506569270602,2,4,0,3,2,0,0,0,0,0,0
1253741,8545480881585,2,4,0,3,1,1,0,0,0,0,0
1253742,8517727952639,5,4,0,6,5,0,0,0,0,0,0
1253743,8558215957084,4,4,0,5,3,1,0,0,0,0,0
1253744,8463837211010,4,4,0,5,2,2,0,0,0,0,0
1253745,7947893262632,3,4,0,4,0,3,0,0,0,0,0
1253746,8265945877876,4,4,0,5,2,2,0,0,0,0,0
1253747,8475369682522,5,4,0,6,4,1,0,0,0,0,0
1253748,8528444210772,3,4,0,4,2,1,0,0,0,0,0
1253749,8484423272754,1,4,0,2,1,0,0,0,0,0,0
1253750,8528411678865,3,4,0,4,2,1,0,0,0,0,0
1253751,8281412455251,2,4,0,3,1,1,0,0,0,0,0
1253752,8522900304980,4,4,0,5,4,0,0,0,0,0,0
1253753,8523243756322,3,4,0,4,2,1,0,0,0,0,0
1253754,8323232417397,3,4,0,4,3,0,0,0,0,0,0
1253755,8248705492347,2,4,0,3,1,1,0,0,0,0,0
1253756,8550318150132,4,4,0,5,2,2,0,0,0,0,0
1253757,8550301724207,4,4,0,5,2,2,0,0,0,0,0
1253758,8492046713477,5,4,0,6,4,1,0,0,0,0,0
1253759,8555346873803,4,4,0,5,3,1,0,0,0,0,0
1253760,8508229253162,5,4,0,6,4,1,0,0,0,0,0
1253761,8560391499460,3,4,0,4,2,1,0,0,0,0,0
1253762,8516060209994,5,4,0,6,5,0,0,0,0,0,0
1253763,8479176668486,5,4,0,6,3,2,0,0,0,0,0
1253764,8516098989949,5,4,0,6,5,0,0,0,0,0,0
1253765,8562165314620,1,4,0,2,0,1,0,0,0,0,0
1253766,8517209006394,5,4,0,6,5,0,0,0,0,0,0
1253767,8543976372082,3,4,0,4,1,2,0,0,0,0,0
1253768,8510415230624,3,4,0,4,1,2,0,0,0,0,0
1253769,8550107159527,4,4,0,5,3,1,0,0,0,0,0
1253770,8480845402320,5,4,0,6,3,2,0,0,0,0,0
1253771,8560229098421,3,4,0,4,2,1,0,0,0,0,0
1253772,8312646457777,4,4,0,5,4,0,0,0,0,0,0
1253773,8512291385296,5,4,0,6,4,1,0,0,0,0,0
1253774,8325143464426,5,4,0,6,2,3,0,0,0,0,0
1253775,8284991186336,4,4,0,5,3,1,0,0,0,0,0
1253776,8518312433958,5,4,0,6,5,0,0,0,0,0,0
1253777,8503158372157,5,4,0,6,3,2,0,0,0,0,0
1253778,8193262781479,3,4,0,4,2,1,0,0,0,0,0
1253779,8549946980211,4,4,0,5,4,0,0,0,0,0,0
1253780,8549930843534,4,4,0,5,4,0,0,0,0,0,0
1253781,8560070273402,3,4,0,4,3,0,0,0,0,0,0
1253782,8211108848620,3,4,0,4,1,2,0,0,0,0,0
1253783,8555317288637,5,4,0,6,4,1,0,0,0,0,0
1253784,8566817340392,5,4,0,6,5,0,0,0,0,0,0
1253785,8468437543864,2,4,0,3,1,1,0,0,0,0,0
1253786,8542408326417,3,4,0,4,0,3,0,0,0,0,0
1253787,8504656443934,2,4,0,3,2,0,0,0,0,0,0
1253788,8483219297891,1,4,0,2,1,0,0,0,0,0,0
1253789,8442700566238,2,4,0,3,1,1,0,0,0,0,0
1253790,8565943166193,5,4,0,6,4,1,0,0,0,0,0
1253791,8568571152633,4,4,0,5,3,1,0,0,0,0,0
1253792,8638319077368,4,4,0,5,3,1,0,0,0,0,0
1253793,8528223172163,2,4,0,3,1,1,0,0,0,0,0
1253794,8479157253899,2,4,0,3,1,1,0,0,0,0,0
1253795,8557254873151,3,4,0,4,1,2,0,0,0,0,0
1253796,8568518039856,5,4,0,6,5,0,0,0,0,0,0
1253797,8568742521800,3,4,0,4,3,0,0,0,0,0,0
1253798,8543431358554,3,4,0,4,2,1,0,0,0,0,0
1253799,8561621309804,1,4,0,2,0,1,0,0,0,0,0
1253800,8563360534699,5,4,0,6,2,3,0,0,0,0,0
1253801,8576010746614,5,4,0,6,3,2,0,0,0,0,0
1253802,8525573283849,4,4,0,5,1,3,0,0,0,0,0
1253803,8548376848802,4,4,0,5,3,1,0,0,0,0,0
1253804,8493413732834,3,4,0,4,2,1,0,0,0,0,0
1253805,8567724226455,5,4,0,6,5,0,0,0,0,0,0
1253806,8670905647565,5,4,0,6,3,2,0,0,0,0,0
1253807,8558707160706,3,4,0,4,1,2,0,0,0,0,0
1253808,8563337347707,5,4,0,6,4,1,0,0,0,0,0
1253809,8566155048991,5,4,0,6,5,0,0,0,0,0,0
1253810,8567659672779,5,4,0,6,5,0,0,0,0,0,0
1253811,8545208802884,4,4,0,5,4,0,0,0,0,0,0
1253812,8566981302909,5,4,0,6,5,0,0,0,0,0,0
1253813,8579692593311,5,4,0,6,3,2,0,0,0,0,0
1253814,8245951110227,6,4,0,7,6,0,0,0,0,0,0
1253815,8542932735714,4,4,0,5,2,2,0,0,0,0,0
1253816,8255215062004,6,4,0,7,6,0,0,0,0,0,0
1253817,8562325261257,5,4,0,6,3,2,0,0,0,0,0
1253818,8560164478243,3,4,0,4,1,2,0,0,0,0,0
1253819,8517136845210,5,4,0,6,4,1,0,0,0,0,0
1253820,8552286934845,3,4,0,4,2,1,0,0,0,0,0
1253821,8464898123592,5,4,0,6,3,2,0,0,0,0,0
1253822,8563238157629,5,4,0,6,5,0,0,0,0,0,0
1253823,8563255839915,5,4,0,6,5,0,0,0,0,0,0
1253824,8498403118481,2,4,0,3,1,1,0,0,0,0,0
1253825,8563112709231,5,4,0,6,5,0,0,0,0,0,0
1253826,8563039225300,5,4,0,6,5,0,0,0,0,0,0
1253827,8555157085390,3,4,0,4,1,2,0,0,0,0,0
1253828,8242861905589,6,4,0,7,6,0,0,0,0,0,0
1253829,8562957516814,5,4,0,6,5,0,0,0,0,0,0
1253830,8491644880875,3,4,0,4,1,2,0,0,0,0,0
1253831,8245709899027,5,4,0,6,4,1,0,0,0,0,0
1253832,8563276203284,5,4,0,6,4,1,0,0,0,0,0
1253833,8386124921121,3,4,0,4,0,3,0,0,0,0,0
1253834,8492712556650,2,4,0,3,1,1,0,0,0,0,0
1253835,8483961437525,2,4,0,3,0,2,0,0,0,0,0
1253836,8484068394213,2,4,0,3,0,2,0,0,0,0,0
1253837,8621012468316,3,4,0,4,3,0,0,0,0,0,0
1253838,8296007802068,3,4,0,4,3,0,0,0,0,0,0
1253839,8542395547825,4,4,0,5,2,2,0,0,0,0,0
1253840,8485086146737,2,4,0,3,1,1,0,0,0,0,0
1253841,8553319966112,3,4,0,4,1,2,0,0,0,0,0
1253842,8562674625669,5,4,0,6,5,0,0,0,0,0,0
1253843,8573302031150,5,4,0,6,4,1,0,0,0,0,0
1253844,8542311821809,4,4,0,5,3,1,0,0,0,0,0
1253845,8562174073898,5,4,0,6,3,2,0,0,0,0,0
1253846,8563974992655,5,4,0,6,4,1,0,0,0,0,0
1253847,8494862768634,4,4,0,5,3,1,0,0,0,0,0
1253848,8558946729134,5,4,0,6,1,4,0,0,0,0,0
1253849,8562021765714,5,4,0,6,2,3,0,0,0,0,0
1253850,8432758314976,5,4,0,6,1,4,0,0,0,0,0
1253851,8250706572302,6,4,0,7,6,0,0,0,0,0,0
1253852,8559810542467,5,4,0,6,1,4,0,0,0,0,0
1253853,8555940439083,5,4,0,6,0,5,0,0,0,0,0
1253854,8509951825835,2,4,0,3,1,1,0,0,0,0,0
1253855,8546767359745,4,4,0,5,1,3,0,0,0,0,0
1253856,8492334032805,2,4,0,3,0,2,0,0,0,0,0
1253857,8285918417733,4,4,0,5,3,1,0,0,0,0,0
1253858,8563591345942,5,4,0,6,4,1,0,0,0,0,0
1253859,8556359540586,5,4,0,6,0,5,0,0,0,0,0
1253860,8561200092055,5,4,0,6,1,4,0,0,0,0,0
1253861,8560628277553,1,4,0,2,0,1,0,0,0,0,0
1253862,8293498281548,3,4,0,4,1,2,0,0,0,0,0
1253863,8287253379415,4,4,0,5,3,1,0,0,0,0,0
1253864,8528398430192,4,4,0,5,3,1,0,0,0,0,0
1253865,8561734063917,5,4,0,6,5,0,0,0,0,0,0
1253866,8561670469052,5,4,0,6,5,0,0,0,0,0,0
1253867,8512498704239,5,4,0,6,4,1,0,0,0,0,0
1253868,8561708291169,5,4,0,6,5,0,0,0,0,0,0
1253869,8658500473359,4,4,0,5,1,3,0,0,0,0,0
1253870,8561688474096,5,4,0,6,3,2,0,0,0,0,0
1253871,8561667682774,5,4,0,6,4,1,0,0,0,0,0
1253872,8581621800597,6,4,1,6,5,0,0,0,0,0,0
1253873,8552285960541,3,4,0,4,1,2,0,0,0,0,0
1253874,8283733534976,4,4,0,5,3,1,0,0,0,0,0
1253875,8233010389896,6,4,0,7,5,1,0,0,0,0,0
1253876,8549102846857,4,4,0,5,3,1,0,0,0,0,0
1253877,8558449045742,2,4,0,3,2,0,0,0,0,0,0
1253878,8569308415509,5,4,0,6,4,1,0,0,0,0,0
1253879,8567582409572,5,4,0,6,4,1,0,0,0,0,0
1253880,8720970891737,5,4,0,6,4,1,0,0,0,0,0
1253881,8495363514240,2,4,0,3,0,2,0,0,0,0,0
1253882,8560292108536,1,4,0,2,0,1,0,0,0,0,0
1253883,8571070913309,5,4,0,6,5,0,0,0,0,0,0
1253884,8520855925642,3,4,0,4,2,1,0,0,0,0,0
1253885,8560243698448,1,4,0,2,0,1,0,0,0,0,0
1253886,8560227561814,1,4,0,2,0,1,0,0,0,0,0
1253887,8560412310931,5,4,1,5,2,2,0,0,0,0,0
1253888,8502976276867,2,4,0,3,1,1,0,0,0,0,0
1253889,8559700337294,3,4,0,4,3,0,0,0,0,0,0
1253890,8561133482363,5,4,0,6,4,1,0,0,0,0,0
1253891,8555255720215,5,4,0,6,2,3,0,0,0,0,0
1253892,8280607932491,4,4,0,5,3,1,0,0,0,0,0
1253893,8279805593789,6,4,0,7,6,0,0,0,0,0,0
1253894,8561817658679,5,4,0,6,3,2,0,0,0,0,0
1253895,8262696379654,6,4,0,7,5,1,0,0,0,0,0
1253896,8516068191248,2,4,0,3,1,1,0,0,0,0,0
1253897,8478370233479,2,4,0,3,0,2,0,0,0,0,0
1253898,8548501333834,2,4,0,3,1,1,0,0,0,0,0
1253899,8560528392712,5,4,0,6,2,3,0,0,0,0,0
1253900,8515276793604,4,4,0,5,4,0,0,0,0,0,0
1253901,8286047390163,6,4,0,7,6,0,0,0,0,0,0
1253902,8560690994558,5,4,0,6,5,0,0,0,0,0,0
1253903,8291093812520,5,4,0,6,4,1,0,0,0,0,0
1253904,8560676629559,5,4,0,6,5,0,0,0,0,0,0
1253905,8560732963225,5,4,0,6,5,0,0,0,0,0,0
1253906,8406407803141,4,4,0,5,3,1,0,0,0,0,0
1253907,8275937355004,6,4,0,7,5,1,0,0,0,0,0
1253908,8600176264339,5,4,1,5,4,0,0,0,0,0,0
1253909,8506002402121,2,4,0,3,2,0,0,0,0,0,0
1253910,8354541970099,3,4,0,4,3,0,0,0,0,0,0
1253911,8562043666994,5,4,0,6,5,0,0,0,0,0,0
1253912,8560520602983,5,4,0,6,5,0,0,0,0,0,0
1253913,8630068557415,4,4,0,5,3,1,0,0,0,0,0
1253914,8559780506574,1,4,0,2,0,1,0,0,0,0,0
1253915,8628036132249,4,4,0,5,3,1,0,0,0,0,0
1253916,8538764394206,2,4,0,3,1,1,0,0,0,0,0
1253917,8520631518732,2,4,0,3,1,1,0,0,0,0,0
1253918,9004994828696,5,4,0,6,4,1,0,0,0,0,0
1253919,8515193400862,4,4,0,5,3,1,0,0,0,0,0
1253920,8292206554209,6,4,0,7,6,0,0,0,0,0,0
1253921,8309154492409,6,4,0,7,6,0,0,0,0,0,0
1253922,8560249426419,3,4,0,4,0,3,0,0,0,0,0
1253923,8459600000000,0,4,1,0,0,0,0,0,0,0,0
1253924,8304296111181,6,4,0,7,6,0,0,0,0,0,0
1253925,8317985913482,6,4,0,7,6,0,0,0,0,0,0
1253926,8529561356972,4,4,0,5,4,0,0,0,0,0,0
1253927,8560250258639,5,4,0,6,4,1,0,0,0,0,0
1253928,8560218832853,5,4,0,6,5,0,0,0,0,0,0
1253929,8541631129049,4,4,0,5,2,2,0,0,0,0,0
1253930,8560223441623,5,4,0,6,5,0,0,0,0,0,0
1253931,8560191244132,5,4,0,6,5,0,0,0,0,0,0
1253932,8520598390417,4,4,0,5,3,1,0,0,0,0,0
1253933,8560209500087,5,4,0,6,5,0,0,0,0,0,0
1253934,8549314218485,4,4,0,5,2,2,0,0,0,0,0
1253935,8594556226179,5,4,0,6,2,3,0,0,0,0,0
1253936,8529735692106,3,4,0,4,3,0,0,0,0,0,0
1253937,8489411881853,1,4,0,2,1,0,0,0,0,0,0
1253938,8558456178116,3,4,0,4,1,2,0,0,0,0,0
1253939,8527293043083,3,4,0,4,2,1,0,0,0,0,0
1253940,8558624719511,3,4,0,4,2,1,0,0,0,0,0
1253941,8277413544865,4,4,0,5,2,2,0,0,0,0,0
1253942,8560508941840,5,4,0,6,5,0,0,0,0,0,0
1253943,8314978771866,6,4,0,7,6,0,0,0,0,0,0
1253944,8349777321431,2,4,0,3,1,1,0,0,0,0,0
1253945,8560529690543,5,4,0,6,5,0,0,0,0,0,0
1253946,8511791665244,4,4,0,5,3,1,0,0,0,0,0
1253947,8309767969277,6,4,0,7,6,0,0,0,0,0,0
1253948,8560481876426,5,4,0,6,5,0,0,0,0,0,0
1253949,8560350851925,5,4,0,6,5,0,0,0,0,0,0
1253950,8563379897728,5,4,0,6,3,2,0,0,0,0,0
1253951,8554374738531,5,4,0,6,0,5,0,0,0,0,0
1253952,8560570009621,3,4,0,4,2,1,0,0,0,0,0
1253953,8560553875031,5,4,0,6,5,0,0,0,0,0,0
1253954,8575139800451,4,4,0,5,3,1,0,0,0,0,0
1253955,8648402122818,3,4,0,4,3,0,0,0,0,0,0
1253956,8554265054337,2,4,0,3,1,1,0,0,0,0,0
1253957,8459091396957,0,4,0,1,0,0,0,0,0,0,0
1253958,8558948927929,3,4,0,4,2,1,0,0,0,0,0
1253959,8558932793523,3,4,0,4,3,0,0,0,0,0,0
1253960,8295545275542,4,4,0,5,4,0,0,0,0,0,0
1253961,8260605013052,6,4,0,7,6,0,0,0,0,0,0
1253962,8459000000000,0,4,1,0,0,0,0,0,0,0,0
1253963,8560466568012,5,4,0,6,5,0,0,0,0,0,0
1253964,8499275528912,4,4,0,5,3,1,0,0,0,0,0
1253965,8560413130251,5,4,0,6,5,0,0,0,0,0,0
1253966,8463493211669,4,4,0,5,2,2,0,0,0,0,0
1253967,8275158198538,5,4,0,6,2,3,0,0,0,0,0
1253968,8326593000631,6,4,1,6,4,1,0,0,0,0,0
1253969,8489477486226,4,4,0,5,1,3,0,0,0,0,0
1253970,8550968898300,3,4,0,4,2,1,0,0,0,0,0
1253971,8569604281574,5,4,0,6,2,3,0,0,0,0,0
1253972,8507594997072,2,4,0,3,0,2,0,0,0,0,0
1253973,8558739197329,3,4,0,4,2,1,0,0,0,0,0
1253974,8558707556435,3,4,0,4,2,1,0,0,0,0,0
1253975,8558691270690,3,4,0,4,2,1,0,0,0,0,0
1253976,8084661314806,2,4,0,3,0,2,0,0,0,0,0
1253977,8557099216418,2,4,0,3,1,1,0,0,0,0,0
1253978,8558628083611,3,4,0,4,2,1,0,0,0,0,0
1253979,8518172865854,3,4,0,4,1,2,0,0,0,0,0
1253980,8279638845205,2,4,0,3,0,2,0,0,0,0,0
1253981,8289936854788,2,4,0,3,0,2,0,0,0,0,0
1253982,8558580495415,2,4,0,3,0,2,0,0,0,0,0
1253983,8558532922746,3,4,0,4,2,1,0,0,0,0,0
1253984,8289938335188,2,4,0,3,0,2,0,0,0,0,0
1253985,8558500898651,3,4,0,4,2,1,0,0,0,0,0
1253986,8305491352663,2,4,0,3,0,2,0,0,0,0,0
1253987,8558486135511,3,4,0,4,2,1,0,0,0,0,0
1253988,8558453206766,3,4,0,4,2,1,0,0,0,0,0
1253989,8558462949837,3,4,0,4,2,1,0,0,0,0,0
1253990,8558452415837,3,4,0,4,2,1,0,0,0,0,0
1253991,8290068289565,2,4,0,3,0,2,0,0,0,0,0
1253992,8290100689608,2,4,0,3,0,2,0,0,0,0,0
1253993,8515872474975,2,4,0,3,1,1,0,0,0,0,0
1253994,8290165301063,2,4,0,3,0,2,0,0,0,0,0
1253995,8547466999472,2,4,0,3,1,1,0,0,0,0,0
1253996,8718705146371,5,4,0,6,1,4,0,0,0,0,0
1253997,8512683771876,3,4,0,4,2,1,0,0,0,0,0
1253998,7972680627511,2,4,0,3,1,1,0,0,0,0,0
1253999,8329388448577,2,4,0,3,0,2,0,0,0,0,0
1254000,8325627435504,2,4,0,3,0,2,0,0,0,0,0
1254001,8514397965568,3,4,0,4,2,1,0,0,0,0,0
1254002,8571594631178,4,4,0,5,1,3,0,0,0,0,0
1254003,8552006661379,2,4,0,3,0,2,0,0,0,0,0
1254004,8515165527090,3,4,0,4,3,0,0,0,0,0,0
1254005,8502293316525,3,4,0,4,2,1,0,0,0,0,0
1254006,8547273391584,2,4,0,3,2,0,0,0,0,0,0
1254007,8530017067366,5,4,0,6,2,3,0,0,0,0,0
1254008,8009238769667,2,4,0,3,1,1,0,0,0,0,0
1254009,8420342536777,3,4,0,4,2,1,0,0,0,0,0
1254010,8531518520910,3,4,0,4,3,0,0,0,0,0,0
1254011,8438054851190,2,4,0,3,0,2,0,0,0,0,0
1254012,8547163871327,2,4,0,3,2,0,0,0,0,0,0
1254013,8360974648779,2,4,0,3,1,1,0,0,0,0,0
1254014,7941976781555,2,4,0,3,1,1,0,0,0,0,0
1254015,8538771356416,3,4,0,4,3,0,0,0,0,0,0
1254016,8547100778798,2,4,0,3,2,0,0,0,0,0,0
1254017,8548541550710,3,4,0,4,3,0,0,0,0,0,0
1254018,8548540265559,3,4,0,4,3,0,0,0,0,0,0
1254019,8549823084530,3,4,0,4,2,1,0,0,0,0,0
1254020,8550211937549,3,4,0,4,2,1,0,0,0,0,0
1254021,8556961042101,3,4,1,3,2,0,0,0,0,0,0
1254022,8548625985244,3,4,0,4,3,0,0,0,0,0,0
1254023,8551535348784,2,4,0,3,0,2,0,0,0,0,0
1254024,8388908120890,6,4,0,7,3,3,0,0,0,0,0
1254025,8557158836032,3,4,0,4,2,1,0,0,0,0,0
1254026,8559564787414,5,4,0,6,4,1,0,0,0,0,0
1254027,8050748541715,3,4,0,4,2,1,0,0,0,0,0
1254028,8395658669222,4,4,0,5,4,0,0,0,0,0,0
1254029,8401416475414,4,4,0,5,3,1,0,0,0,0,0
1254030,8121376077731,3,4,0,4,2,1,0,0,0,0,0
1254031,8438193929356,6,4,0,7,6,0,0,0,0,0,0
1254032,8573524416690,2,4,0,3,0,2,0,0,0,0,0
1254033,8566180733626,3,4,0,4,2,1,0,0,0,0,0
1254034,8554697210274,5,4,0,6,5,0,0,0,0,0,0
1254035,8559299051182,5,4,0,6,5,0,0,0,0,0,0
1254036,8524056928765,4,4,0,5,2,2,0,0,0,0,0
1254037,8560020269748,5,4,0,6,4,1,0,0,0,0,0
1254038,8462342607797,6,4,0,7,5,1,0,0,0,0,0
1254039,8486367017967,6,4,0,7,6,0,0,0,0,0,0
1254040,8558743735100,5,4,0,6,5,0,0,0,0,0,0
1254041,8486815679419,6,4,0,7,6,0,0,0,0,0,0
1254042,8586407674657,2,4,0,3,1,1,0,0,0,0,0
1254043,8475000783861,6,4,0,7,5,1,0,0,0,0,0
1254044,8563378885169,5,4,0,6,5,0,0,0,0,0,0
1254045,8554374416940,5,4,0,6,4,1,0,0,0,0,0
1254046,8561493440974,3,4,0,4,2,1,0,0,0,0,0
1254047,8487378270789,6,4,0,7,6,0,0,0,0,0,0
1254048,8585211419412,2,4,0,3,1,1,0,0,0,0,0
1254049,8585718928441,2,4,0,3,1,1,0,0,0,0,0
1254050,8412156835187,6,4,0,7,5,1,0,0,0,0,0
1254051,8575664859744,2,4,0,3,0,2,0,0,0,0,0
1254052,8555747968880,5,4,0,6,5,0,0,0,0,0,0
1254053,8455473174175,6,4,0,7,4,2,0,0,0,0,0
1254054,8575524193250,2,4,0,3,0,2,0,0,0,0,0
1254055,8498594948716,2,4,0,3,0,2,0,0,0,0,0
1254056,8552169249925,5,4,0,6,4,1,0,0,0,0,0
1254057,8492423799633,6,4,0,7,5,1,0,0,0,0,0
1254058,8560537141540,5,4,0,6,4,1,0,0,0,0,0
1254059,8540630613746,2,4,0,3,1,1,0,0,0,0,0
1254060,8557528890992,1,4,0,2,0,1,0,0,0,0,0
1254061,8546333955387,3,4,0,4,2,1,0,0,0,0,0
1254062,8557439148384,1,4,0,2,0,1,0,0,0,0,0
1254063,8563863032203,5,4,0,6,4,1,0,0,0,0,0
1254064,8555584523232,5,4,0,6,5,0,0,0,0,0,0
1254065,8555523563318,5,4,0,6,5,0,0,0,0,0,0
1254066,8510208513614,6,4,0,7,6,0,0,0,0,0,0
1254067,8496165992761,6,4,0,7,6,0,0,0,0,0,0
1254068,8286883605353,3,4,0,4,1,2,0,0,0,0,0
1254069,8550500625942,5,4,0,6,5,0,0,0,0,0,0
1254070,8599289154648,5,4,0,6,3,2,0,0,0,0,0
1254071,8550468329593,5,4,0,6,5,0,0,0,0,0,0
1254072,8570065861859,2,4,0,3,0,2,0,0,0,0,0
1254073,8503111472685,1,4,0,2,1,0,0,0,0,0,0
1254074,8498894904437,5,4,0,6,5,0,0,0,0,0,0
1254075,8495410197986,6,4,0,7,6,0,0,0,0,0,0
1254076,8583015863523,2,4,0,3,0,2,0,0,0,0,0
1254077,8572614616894,2,4,0,3,0,2,0,0,0,0,0
1254078,8454680833941,6,4,0,7,0,6,0,0,0,0,0
1254079,8574177707679,2,4,0,3,1,1,0,0,0,0,0
1254080,8284403517270,5,4,0,6,4,1,0,0,0,0,0
1254081,8479219615765,6,4,0,7,5,1,0,0,0,0,0
1254082,8483530032891,6,4,0,7,6,0,0,0,0,0,0
1254083,8483856460397,6,4,0,7,5,1,0,0,0,0,0
1254084,8501976633676,6,4,0,7,6,0,0,0,0,0,0
1254085,8504661158799,6,4,0,7,6,0,0,0,0,0,0
1254086,8556570805636,5,4,0,6,3,2,0,0,0,0,0
1254087,8542618988064,4,4,0,5,3,1,0,0,0,0,0
1254088,8644970445909,5,4,0,6,1,4,0,0,0,0,0
1254089,8505338774109,6,4,0,7,6,0,0,0,0,0,0
1254090,8334206235182,3,4,0,4,2,1,0,0,0,0,0
1254091,8515440184714,4,4,0,5,4,0,0,0,0,0,0
1254092,8507512330347,6,4,0,7,6,0,0,0,0,0,0
1254093,8506875220889,6,4,0,7,6,0,0,0,0,0,0
1254094,8509194551177,6,4,0,7,6,0,0,0,0,0,0
1254095,8550063090564,5,4,0,6,5,0,0,0,0,0,0
1254096,8425355462816,6,4,0,7,1,5,0,0,0,0,0
1254097,8346529509471,5,4,0,6,4,1,0,0,0,0,0
1254098,8519738365639,6,4,0,7,6,0,0,0,0,0,0
1254099,8559103337861,5,4,0,6,4,1,0,0,0,0,0
1254100,8450461109854,6,4,0,7,1,5,0,0,0,0,0
1254101,8557969251573,5,4,0,6,0,5,0,0,0,0,0
1254102,8355481225581,2,4,0,3,0,2,0,0,0,0,0
1254103,8557429080300,3,4,0,4,2,1,0,0,0,0,0
1254104,8550301314075,3,4,0,4,2,1,0,0,0,0,0
1254105,8548867457215,5,4,0,6,5,0,0,0,0,0,0
1254106,8548867815691,5,4,0,6,4,1,0,0,0,0,0
1254107,8547498271793,3,4,0,4,3,0,0,0,0,0,0
1254108,8492562196950,6,4,0,7,6,0,0,0,0,0,0
1254109,8557387961206,3,4,0,4,0,3,0,0,0,0,0
1254110,8548786322324,5,4,0,6,3,2,0,0,0,0,0
1254111,8560151148393,5,4,0,6,4,1,0,0,0,0,0
1254112,8564714047969,4,4,0,5,2,2,0,0,0,0,0
1254113,8644600115534,4,4,0,5,4,0,0,0,0,0,0
1254114,8513885083219,2,4,0,3,1,1,0,0,0,0,0
1254115,8514503415907,3,4,0,4,2,1,0,0,0,0,0
1254116,8456551726573,0,4,0,1,0,0,0,0,0,0,0
1254117,8456535596980,0,4,0,1,0,0,0,0,0,0,0
1254118,8323008833345,6,4,0,7,6,0,0,0,0,0,0
1254119,8558759533369,5,4,0,6,4,1,0,0,0,0,0
1254120,8484487692182,1,4,0,2,0,1,0,0,0,0,0
1254121,8518943096482,4,4,0,5,4,0,0,0,0,0,0
1254122,8474899040999,1,4,0,2,1,0,0,0,0,0,0
1254123,8504882876607,2,4,0,3,1,1,0,0,0,0,0
1254124,8501824635935,2,4,0,3,1,1,0,0,0,0,0
1254125,8456407134161,0,4,0,1,0,0,0,0,0,0,0
1254126,8511752380735,6,4,0,7,6,0,0,0,0,0,0
1254127,8530156710857,4,4,0,5,4,0,0,0,0,0,0
1254128,8493249594027,2,4,0,3,2,0,0,0,0,0,0
1254129,8492986142428,6,4,0,7,5,1,0,0,0,0,0
1254130,8474788356318,1,4,0,2,1,0,0,0,0,0,0
1254131,8456310663905,0,4,0,1,0,0,0,0,0,0,0
1254132,8493217521288,2,4,0,3,2,0,0,0,0,0,0
1254133,8474756931333,1,4,0,2,1,0,0,0,0,0,0
1254134,8501413081250,6,4,0,7,6,0,0,0,0,0,0
1254135,8558468878033,5,4,0,6,4,1,0,0,0,0,0
1254136,8511894643471,3,4,0,4,3,0,0,0,0,0,0
1254137,8474768812824,1,4,0,2,1,0,0,0,0,0,0
1254138,8456197886120,0,4,0,1,0,0,0,0,0,0,0
1254139,8494005161445,2,4,0,3,2,0,0,0,0,0,0
1254140,8475498009371,1,4,0,2,1,0,0,0,0,0,0
1254141,8398864400651,2,4,0,3,0,2,0,0,0,0,0
1254142,8672765396887,3,4,0,4,1,2,0,0,0,0,0
1254143,8456117598484,0,4,0,1,0,0,0,0,0,0,0
1254144,8577358196283,6,4,0,7,5,1,0,0,0,0,0
1254145,8553578448686,3,4,0,4,3,0,0,0,0,0,0
1254146,8555524767187,5,4,0,6,5,0,0,0,0,0,0
1254147,8453804472545,6,4,0,7,4,2,0,0,0,0,0
1254148,8496230050115,2,4,0,3,2,0,0,0,0,0,0
1254149,8039595605015,3,4,0,4,2,1,0,0,0,0,0
1254150,8544356649212,2,4,0,3,0,2,0,0,0,0,0
1254151,7963120279660,2,4,0,3,0,2,0,0,0,0,0
1254152,8544325592583,2,4,0,3,0,2,0,0,0,0,0
1254153,7963221745819,2,4,0,3,0,2,0,0,0,0,0
1254154,8566080984993,5,4,0,6,3,2,0,0,0,0,0
1254155,8228562326448,4,4,0,5,3,1,0,0,0,0,0
1254156,8544332443555,2,4,0,3,1,1,0,0,0,0,0
1254157,8553386930506,3,4,0,4,3,0,0,0,0,0,0
1254158,8536040628000,3,4,0,4,2,1,0,0,0,0,0
1254159,8455864082364,0,4,0,1,0,0,0,0,0,0,0
1254160,8455847954083,0,4,0,1,0,0,0,0,0,0,0
1254161,8455831825833,0,4,0,1,0,0,0,0,0,0,0
1254162,8516607901320,3,4,0,4,2,1,0,0,0,0,0
1254163,8455799569425,0,4,0,1,0,0,0,0,0,0,0
1254164,8455783441268,0,4,0,1,0,0,0,0,0,0,0
1254165,8322584795086,4,4,0,5,3,1,0,0,0,0,0
1254166,8622937049897,4,4,0,5,3,1,0,0,0,0,0
1254167,8531767491911,3,4,0,4,2,1,0,0,0,0,0
1254168,8557282249281,5,4,0,6,5,0,0,0,0,0,0
1254169,8476015905060,1,4,0,2,1,0,0,0,0,0,0
1254170,8482338699042,1,4,0,2,1,0,0,0,0,0,0
1254171,8517121165263,3,4,0,4,3,0,0,0,0,0,0
1254172,8455654967175,0,4,0,1,0,0,0,0,0,0,0
1254173,8527575191429,3,4,0,4,3,0,0,0,0,0,0
1254174,8455622711442,0,4,0,1,0,0,0,0,0,0,0
1254175,8455606583622,0,4,0,1,0,0,0,0,0,0,0
1254176,8519853065840,1,4,0,2,0,1,0,0,0,0,0
1254177,8541821350714,3,4,0,4,2,1,0,0,0,0,0
1254178,8029280204184,4,4,0,5,2,2,0,0,0,0,0
1254179,8565365077342,5,4,0,6,3,2,0,0,0,0,0
1254180,8359952033040,4,4,0,5,2,2,0,0,0,0,0
1254181,8260585526962,6,4,0,7,6,0,0,0,0,0,0
1254182,8496909503416,3,4,0,4,1,2,0,0,0,0,0
1254183,8492637928352,5,4,0,6,4,1,0,0,0,0,0
1254184,8551856646187,2,4,0,3,0,2,0,0,0,0,0
1254185,8555222805068,2,4,0,3,0,2,0,0,0,0,0
1254186,8564859548507,5,4,0,6,5,0,0,0,0,0,0
1254187,8564847957199,5,4,0,6,5,0,0,0,0,0,0
1254188,8543336500368,4,4,0,5,4,0,0,0,0,0,0
1254189,8543320664056,4,4,0,5,4,0,0,0,0,0,0
1254190,8563352237014,4,4,0,5,2,2,0,0,0,0,0
1254191,8557319466069,4,4,0,5,3,1,0,0,0,0,0
1254192,8455334885004,0,4,0,1,0,0,0,0,0,0,0
1254193,8455318757732,0,4,0,1,0,0,0,0,0,0,0
1254194,8482359650508,1,4,0,2,1,0,0,0,0,0,0
1254195,8504327258536,2,4,0,3,2,0,0,0,0,0,0
1254196,8515429226715,3,4,0,4,3,0,0,0,0,0,0
1254197,7962506704106,3,4,0,4,1,2,0,0,0,0,0
1254198,8509637545999,5,4,0,6,5,0,0,0,0,0,0
1254199,8553304154286,3,4,0,4,2,1,0,0,0,0,0
1254200,8501739391658,5,4,0,6,4,1,0,0,0,0,0
1254201,8300799900874,4,4,0,5,4,0,0,0,0,0,0
1254202,8512502890311,5,4,0,6,5,0,0,0,0,0,0
1254203,8565273270793,4,4,0,5,0,4,0,0,0,0,0
1254204,8613143487006,3,4,0,4,1,2,0,0,0,0,0
1254205,8455127360099,0,4,0,1,0,0,0,0,0,0,0
1254206,8455111233224,0,4,0,1,0,0,0,0,0,0,0
1254207,8455095106379,0,4,0,1,0,0,0,0,0,0,0
1254208,8455078979565,0,4,0,1,0,0,0,0,0,0,0
1254209,8485062852781,1,4,0,2,1,0,0,0,0,0,0
1254210,8556507480229,3,4,0,4,1,2,0,0,0,0,0
1254211,8477013720792,1,4,0,2,1,0,0,0,0,0,0
1254212,8481014472616,1,4,0,2,1,0,0,0,0,0,0
1254213,8531093476186,3,4,0,4,3,0,0,0,0,0,0
1254214,8476965215023,1,4,0,2,1,0,0,0,0,0,0
1254215,8498932042183,2,4,0,3,2,0,0,0,0,0,0
1254216,8454949966159,0,4,0,1,0,0,0,0,0,0,0
1254217,8454933839622,0,4,0,1,0,0,0,0,0,0,0
1254218,8496625747600,5,4,0,6,4,1,0,0,0,0,0
1254219,8542832944767,4,4,0,5,4,0,0,0,0,0,0
1254220,8454885590287,0,4,0,1,0,0,0,0,0,0,0
1254221,8454869463873,0,4,0,1,0,0,0,0,0,0,0
1254222,8520801277352,3,4,0,4,3,0,0,0,0,0,0
1254223,8454837211136,0,4,0,1,0,0,0,0,0,0,0
1254224,8476803661560,1,4,0,2,1,0,0,0,0,0,0
1254225,8542735097755,4,4,0,5,4,0,0,0,0,0,0
1254226,8301570981081,4,4,0,5,4,0,0,0,0,0,0
1254227,8207327030856,4,4,0,5,3,1,0,0,0,0,0
1254228,8509926481595,5,4,0,6,5,0,0,0,0,0,0
1254229,8542671466087,4,4,0,5,4,0,0,0,0,0,0
1254230,8454725657353,0,4,0,1,0,0,0,0,0,0,0
1254231,8476691859871,1,4,0,2,1,0,0,0,0,0,0
1254232,8454693405165,0,4,0,1,0,0,0,0,0,0,0
1254233,8498641684823,2,4,0,3,1,1,0,0,0,0,0
1254234,8454661153099,0,4,0,1,0,0,0,0,0,0,0
1254235,8504204877795,5,4,0,6,4,1,0,0,0,0,0
1254236,8551011981031,2,4,0,3,1,1,0,0,0,0,0
1254237,8508388434214,5,4,0,6,5,0,0,0,0,0,0
1254238,8542525107730,4,4,0,5,4,0,0,0,0,0,0
1254239,8511903813127,5,4,0,6,5,0,0,0,0,0,0
1254240,8330886172112,2,4,0,3,2,0,0,0,0,0,0
1254241,8523876822458,3,4,0,4,2,1,0,0,0,0,0
1254242,8454532941684,0,4,0,1,0,0,0,0,0,0,0
1254243,8454516815942,0,4,0,1,0,0,0,0,0,0,0
1254244,8488318757491,1,4,0,2,0,1,0,0,0,0,0
1254245,8550866014317,2,4,0,3,1,1,0,0,0,0,0
1254246,8620413544283,4,4,0,5,4,0,0,0,0,0,0
1254247,8508560911267,1,4,0,2,0,1,0,0,0,0,0
1254248,8498399339707,2,4,0,3,2,0,0,0,0,0,0
1254249,8454420062137,0,4,0,1,0,0,0,0,0,0,0
1254250,8550784325295,4,4,0,5,3,1,0,0,0,0,0
1254251,8454387811115,0,4,0,1,0,0,0,0,0,0,0
1254252,8520528792337,2,4,0,3,1,1,0,0,0,0,0
1254253,8520299862129,3,4,0,4,3,0,0,0,0,0,0
1254254,8500891108960,5,4,0,6,4,1,0,0,0,0,0
1254255,8454323507275,0,4,0,1,0,0,0,0,0,0,0
1254256,8477979487747,1,4,0,2,0,1,0,0,0,0,0
1254257,8498253654997,2,4,0,3,2,0,0,0,0,0,0
1254258,8454275131340,0,4,0,1,0,0,0,0,0,0,0
1254259,8454259006090,0,4,0,1,0,0,0,0,0,0,0
1254260,8476223954284,1,4,0,2,1,0,0,0,0,0,0
1254261,8476207787170,1,4,0,2,1,0,0,0,0,0,0
1254262,8530298671319,3,4,0,4,2,1,0,0,0,0,0
1254263,8454194505397,0,4,0,1,0,0,0,0,0,0,0
1254264,8219518563190,3,4,0,4,1,2,0,0,0,0,0
1254265,8507958721513,5,4,0,6,5,0,0,0,0,0,0
1254266,8520089466721,3,4,0,4,3,0,0,0,0,0,0
1254267,8454130788767,0,4,0,1,0,0,0,0,0,0,0
1254268,8508756162456,5,4,0,6,5,0,0,0,0,0,0
1254269,8507985615379,5,4,0,6,5,0,0,0,0,0,0
1254270,8511068235099,5,4,0,6,5,0,0,0,0,0,0
1254271,8620008446707,4,4,0,5,4,0,0,0,0,0,0
1254272,8541972853349,4,4,0,5,4,0,0,0,0,0,0
1254273,8476014883793,1,4,0,2,1,0,0,0,0,0,0
1254274,8454018227767,0,4,0,1,0,0,0,0,0,0,0
1254275,8454002103007,0,4,0,1,0,0,0,0,0,0,0
1254276,8550361602218,2,4,0,3,2,0,0,0,0,0,0
1254277,8550345293694,2,4,0,3,2,0,0,0,0,0,0
1254278,8491025681188,4,4,0,5,3,1,0,0,0,0,0
1254279,8417980306244,5,4,0,6,4,1,0,0,0,0,0
1254280,8507739501457,5,4,0,6,5,0,0,0,0,0,0
1254281,8509657490722,5,4,0,6,5,0,0,0,0,0,0
1254282,8453890039327,0,4,0,1,0,0,0,0,0,0,0
1254283,8499524921000,2,4,0,3,1,1,0,0,0,0,0
1254284,8521488826756,3,4,0,4,2,1,0,0,0,0,0
1254285,8453841665872,0,4,0,1,0,0,0,0,0,0,0
1254286,8453825541449,0,4,0,1,0,0,0,0,0,0,0
1254287,8501150840080,2,4,0,3,1,1,0,0,0,0,0
1254288,8475773197174,1,4,0,2,1,0,0,0,0,0,0
1254289,8453777168363,0,4,0,1,0,0,0,0,0,0,0
1254290,8507865217919,1,4,0,2,0,1,0,0,0,0,0
1254291,8277589536336,3,4,0,4,2,1,0,0,0,0,0
1254292,8356515491314,5,4,0,6,2,3,0,0,0,0,0
1254293,8519653066467,3,4,0,4,3,0,0,0,0,0,0
1254294,8475677345931,1,4,0,2,1,0,0,0,0,0,0
1254295,8499544679328,5,4,0,6,4,1,0,0,0,0,0
1254296,8509098799526,5,4,0,6,5,0,0,0,0,0,0
1254297,8524229129053,2,4,0,3,2,0,0,0,0,0,0
1254298,8541551693775,4,4,0,5,4,0,0,0,0,0,0
1254299,8529700065517,2,4,0,3,2,0,0,0,0,0,0
1254300,8543209584173,2,4,0,3,1,1,0,0,0,0,0
1254301,8507400065982,5,4,0,6,5,0,0,0,0,0,0
1254302,8469015523099,5,4,0,6,3,2,0,0,0,0,0
1254303,8478278375130,5,4,0,6,4,1,0,0,0,0,0
1254304,8554939559580,4,4,0,5,3,1,0,0,0,0,0
1254305,8597479654551,3,4,0,4,2,1,0,0,0,0,0
1254306,8453504971445,0,4,0,1,0,0,0,0,0,0,0
1254307,8484631692259,3,4,0,4,1,2,0,0,0,0,0
1254308,8525431019341,3,4,0,4,3,0,0,0,0,0,0
1254309,8475435824624,1,4,0,2,0,1,0,0,0,0,0
1254310,8539665888788,2,4,0,3,1,1,0,0,0,0,0
1254311,8528763815704,3,4,0,4,1,2,0,0,0,0,0
1254312,8453408382652,0,4,0,1,0,0,0,0,0,0,0
1254313,8475371120843,1,4,0,2,1,0,0,0,0,0,0
1254314,8500715132117,2,4,0,3,1,1,0,0,0,0,0
1254315,8453360011953,0,4,0,1,0,0,0,0,0,0,0
1254316,8282844204392,3,4,0,4,1,2,0,0,0,0,0
1254317,8507141749522,5,4,0,6,5,0,0,0,0,0,0
1254318,8557083169593,4,4,0,5,2,2,0,0,0,0,0
1254319,8453296176013,0,4,0,1,0,0,0,0,0,0,0
1254320,8525616323358,2,4,0,3,2,0,0,0,0,0,0
1254321,8544559635064,4,4,0,5,3,1,0,0,0,0,0
1254322,8507348966660,1,4,0,2,1,0,0,0,0,0,0
1254323,8478591491460,1,4,0,2,0,1,0,0,0,0,0
1254324,8475194027127,1,4,0,2,1,0,0,0,0,0,0
1254325,8546184873180,3,4,0,4,0,3,0,0,0,0,0
1254326,8447353734158,5,4,0,6,4,1,0,0,0,0,0
1254327,8551224409314,3,4,0,4,3,0,0,0,0,0,0
1254328,8448952980562,5,4,0,6,4,1,0,0,0,0,0
1254329,8499924453332,5,4,0,6,4,1,0,0,0,0,0
1254330,8519054340406,3,4,0,4,3,0,0,0,0,0,0
1254331,8498295847602,5,4,0,6,4,1,0,0,0,0,0
1254332,8498785406759,5,4,0,6,5,0,0,0,0,0,0
1254333,8540983592874,4,4,0,5,3,1,0,0,0,0,0
1254334,8483055236706,1,4,0,2,1,0,0,0,0,0,0
1254335,8517282333568,1,4,0,2,0,1,0,0,0,0,0
1254336,8476691500398,1,4,0,2,1,0,0,0,0,0,0
1254337,8453006868028,0,4,0,1,0,0,0,0,0,0,0
1254338,8540902016593,4,4,0,5,3,1,0,0,0,0,0
1254339,8518908159794,3,4,0,4,3,0,0,0,0,0,0
1254340,8282362410645,3,4,0,4,1,2,0,0,0,0,0
1254341,8476611256929,1,4,0,2,1,0,0,0,0,0,0
1254342,8452926805284,0,4,0,1,0,0,0,0,0,0,0
1254343,8452910682606,0,4,0,1,0,0,0,0,0,0,0
1254344,8478253291998,1,4,0,2,0,1,0,0,0,0,0
1254345,8452878437341,0,4,0,1,0,0,0,0,0,0,0
1254346,8540772250479,4,4,0,5,4,0,0,0,0,0,0
1254347,8503563366060,2,4,0,3,0,2,0,0,0,0,0
1254348,8474807469769,1,4,0,2,1,0,0,0,0,0,0
1254349,8539032813844,2,4,0,3,0,2,0,0,0,0,0
1254350,8498443107069,2,4,0,3,2,0,0,0,0,0,0
1254351,8496736250950,2,4,0,3,2,0,0,0,0,0,0
1254352,8556840615184,3,4,0,4,2,1,0,0,0,0,0
1254353,8513207764124,4,4,0,5,4,0,0,0,0,0,0
1254354,8506520043401,5,4,0,6,5,0,0,0,0,0,0
1254355,8550769202236,3,4,0,4,2,1,0,0,0,0,0
1254356,8550753244078,4,4,0,5,3,1,0,0,0,0,0
1254357,8473483382802,5,4,0,6,3,2,0,0,0,0,0
1254358,8452669254370,0,4,0,1,0,0,0,0,0,0,0
1254359,8452653132182,0,4,0,1,0,0,0,0,0,0,0
1254360,8474613908164,1,4,0,2,1,0,0,0,0,0,0
1254361,8452620887900,0,4,0,1,0,0,0,0,0,0,0
1254362,8452604765806,0,4,0,1,0,0,0,0,0,0,0
1254363,8498232709472,2,4,0,3,2,0,0,0,0,0,0
1254364,8452572521708,0,4,0,1,0,0,0,0,0,0,0
1254365,8504513240135,3,4,0,4,1,2,0,0,0,0,0
1254366,8542137482782,4,4,0,5,3,1,0,0,0,0,0
1254367,8520861409844,3,4,0,4,3,0,0,0,0,0,0
1254368,8554461350987,4,4,0,5,3,1,0,0,0,0,0
1254369,8498135647343,2,4,0,3,1,1,0,0,0,0,0
1254370,8452475981106,0,4,0,1,0,0,0,0,0,0,0
1254371,8452459859287,0,4,0,1,0,0,0,0,0,0,0
1254372,8546372924368,4,4,0,5,4,0,0,0,0,0,0
1254373,8474403969453,1,4,0,2,1,0,0,0,0,0,0
1254374,8452411494016,0,4,0,1,0,0,0,0,0,0,0
1254375,8482145750197,5,4,0,6,2,3,0,0,0,0,0
1254376,8313532677638,3,4,0,4,3,0,0,0,0,0,0
1254377,8482363772392,3,4,0,4,0,3,0,0,0,0,0
1254378,8476014402960,1,4,0,2,0,1,0,0,0,0,0
1254379,8540235944774,4,4,0,5,4,0,0,0,0,0,0
1254380,8509043584278,5,4,0,6,5,0,0,0,0,0,0
1254381,8474275407592,1,4,0,2,1,0,0,0,0,0,0
1254382,8552283266057,1,4,0,2,0,1,0,0,0,0,0
1254383,8496219101408,1,4,0,2,1,0,0,0,0,0,0
1254384,8474226917750,1,4,0,2,1,0,0,0,0,0,0
1254385,8497877102440,2,4,0,3,1,1,0,0,0,0,0
1254386,8515728389631,2,4,0,3,1,1,0,0,0,0,0
1254387,8516154362584,4,4,0,5,2,2,0,0,0,0,0
1254388,8552186619807,1,4,0,2,0,1,0,0,0,0,0
1254389,8540073615959,4,4,0,5,4,0,0,0,0,0,0
1254390,8550199555046,3,4,0,4,3,0,0,0,0,0,0
1254391,8540041164153,4,4,0,5,4,0,0,0,0,0,0
1254392,8507875934927,5,4,0,6,4,1,0,0,0,0,0
1254393,8518106132321,3,4,0,4,2,1,0,0,0,0,0
1254394,8539991914960,4,4,0,5,4,0,0,0,0,0,0
1254395,8556024800090,4,4,0,5,3,1,0,0,0,0,0
1254396,8506151041970,1,4,0,2,0,1,0,0,0,0,0
1254397,8517967698620,3,4,0,4,3,0,0,0,0,0,0
1254398,8539926760171,4,4,0,5,4,0,0,0,0,0,0
1254399,8552009406104,1,4,0,2,0,1,0,0,0,0,0
1254400,8238756349372,2,4,0,3,1,1,0,0,0,0,0
1254401,8225513292486,2,4,0,3,0,2,0,0,0,0,0
1254402,8512943053887,4,4,0,5,4,0,0,0,0,0,0
1254403,8193965955312,2,4,0,3,0,2,0,0,0,0,0
1254404,8551930930141,1,4,0,2,0,1,0,0,0,0,0
1254405,8521865135925,3,4,0,4,3,0,0,0,0,0,0
1254406,8551898688614,1,4,0,2,0,1,0,0,0,0,0
1254407,8527807377639,4,4,0,5,3,1,0,0,0,0,0
1254408,8262390051752,2,4,0,3,1,1,0,0,0,0,0
1254409,8551583142544,3,4,0,4,1,2,0,0,0,0,0
1254410,8180720949464,5,4,0,6,4,1,0,0,0,0,0
1254411,8505369011881,3,4,0,4,1,2,0,0,0,0,0
1254412,8483790333885,5,4,0,6,4,1,0,0,0,0,0
1254413,8549402340852,4,4,0,5,4,0,0,0,0,0,0
1254414,8273063924482,2,4,0,3,1,1,0,0,0,0,0
1254415,8219699573090,2,4,0,3,0,2,0,0,0,0,0
1254416,8493382177578,5,4,0,6,4,1,0,0,0,0,0
1254417,8551724362972,1,4,0,2,0,1,0,0,0,0,0
1254418,8490149037426,5,4,0,6,3,2,0,0,0,0,0
1254419,8217837221584,2,4,0,3,0,2,0,0,0,0,0
1254420,8549716458496,2,4,0,3,0,2,0,0,0,0,0
1254421,8499531899171,4,4,0,5,3,1,0,0,0,0,0
1254422,8539542223459,4,4,0,5,4,0,0,0,0,0,0
1254423,8539526021508,3,4,0,4,2,1,0,0,0,0,0
1254424,7942012831307,2,4,0,3,0,2,0,0,0,0,0
1254425,8544565313929,2,4,0,3,0,2,0,0,0,0,0
1254426,8537787903814,2,4,0,3,0,2,0,0,0,0,0
1254427,8542842751180,4,4,0,5,3,1,0,0,0,0,0
1254428,8450421745911,5,4,0,6,3,2,0,0,0,0,0
1254429,8456771011989,5,4,0,6,3,2,0,0,0,0,0
1254430,8551517400584,1,4,0,2,0,1,0,0,0,0,0
1254431,8256159206082,2,4,0,3,1,1,0,0,0,0,0
1254432,8223145707965,2,4,0,3,0,2,0,0,0,0,0
1254433,8239831196516,2,4,0,3,0,2,0,0,0,0,0
1254434,8486391590424,5,4,0,6,4,1,0,0,0,0,0
1254435,8544405036713,4,4,0,5,1,3,0,0,0,0,0
1254436,8419439259326,5,4,0,6,4,1,0,0,0,0,0
1254437,8561887798011,4,4,0,5,0,4,0,0,0,0,0
1254438,8542666283831,3,4,0,4,1,2,0,0,0,0,0
1254439,8539269129444,4,4,0,5,3,1,0,0,0,0,0
1254440,8523305777644,3,4,0,4,2,1,0,0,0,0,0
1254441,8517263106350,3,4,0,4,3,0,0,0,0,0,0
1254442,8551326306218,1,4,0,2,0,1,0,0,0,0,0
1254443,8551310186593,1,4,0,2,0,1,0,0,0,0,0
1254444,8517214286441,3,4,0,4,3,0,0,0,0,0,0
1254445,8272586560748,2,4,0,3,1,1,0,0,0,0,0
1254446,8503257639803,3,4,0,4,1,2,0,0,0,0,0
1254447,8545166235746,4,4,0,5,3,1,0,0,0,0,0
1254448,8289148043030,3,4,0,4,2,1,0,0,0,0,0
1254449,8539107646789,4,4,0,5,4,0,0,0,0,0,0
1254450,8540781697697,4,4,0,5,3,1,0,0,0,0,0
1254451,8473155562406,1,4,0,2,1,0,0,0,0,0,0
1254452,8451166326785,0,4,0,1,0,0,0,0,0,0,0
1254453,8551150207465,1,4,0,2,1,0,0,0,0,0,0
1254454,8451134088175,0,4,0,1,0,0,0,0,0,0,0
1254455,8451117968916,0,4,0,1,0,0,0,0,0,0,0
1254456,8473074756397,1,4,0,2,1,0,0,0,0,0,0
1254457,8451085730490,0,4,0,1,0,0,0,0,0,0,0
1254458,8498423742945,3,4,0,4,1,2,0,0,0,0,0
1254459,8515922839650,3,4,0,4,3,0,0,0,0,0,0
1254460,8518233657459,2,4,0,3,1,1,0,0,0,0,0
1254461,8505916380089,5,4,0,6,5,0,0,0,0,0,0
1254462,8552641289559,4,4,0,5,3,1,0,0,0,0,0
1254463,8494934626231,2,4,0,3,2,0,0,0,0,0,0
1254464,8450973278570,0,4,0,1,0,0,0,0,0,0,0
1254465,8450957159618,0,4,0,1,0,0,0,0,0,0,0
1254466,8548972143694,3,4,0,4,3,0,0,0,0,0,0
1254467,8472897410409,1,4,0,2,1,0,0,0,0,0,0
1254468,8450908802946,0,4,0,1,0,0,0,0,0,0,0
1254469,8516809772756,3,4,0,4,3,0,0,0,0,0,0
1254470,8515103349686,2,4,0,3,2,0,0,0,0,0,0
1254471,8516777283757,3,4,0,4,3,0,0,0,0,0,0
1254472,8522788802127,3,4,0,4,2,1,0,0,0,0,0
1254473,8516744794841,3,4,0,4,3,0,0,0,0,0,0
1254474,8550812090431,1,4,0,2,1,0,0,0,0,0,0
1254475,8476795971786,1,4,0,2,1,0,0,0,0,0,0
1254476,8450779853172,0,4,0,1,0,0,0,0,0,0,0
1254477,8498735762198,2,4,0,3,2,0,0,0,0,0,0
1254478,8450747616035,0,4,0,1,0,0,0,0,0,0,0
1254479,8450731497514,0,4,0,1,0,0,0,0,0,0,0
1254480,8472687280909,1,4,0,2,1,0,0,0,0,0,0
1254481,8472671120537,1,4,0,2,1,0,0,0,0,0,0
1254482,8472654960208,1,4,0,2,1,0,0,0,0,0,0
1254483,8548694948157,4,4,0,5,4,0,0,0,0,0,0
1254484,8538537842373,4,4,0,5,3,1,0,0,0,0,0
1254485,8494578297444,2,4,0,3,2,0,0,0,0,0,0
1254486,8472590319162,1,4,0,2,1,0,0,0,0,0,0
1254487,8536798860828,2,4,0,3,0,2,0,0,0,0,0
1254488,8528332123918,1,4,0,2,0,1,0,0,0,0,0
1254489,8550287569110,2,4,0,3,0,2,0,0,0,0,0
1254490,8472525720520,1,4,0,2,1,0,0,0,0,0,0
1254491,8450538077649,0,4,0,1,0,0,0,0,0,0,0
1254492,8522464757516,3,4,0,4,2,1,0,0,0,0,0
1254493,8496138659992,2,4,0,3,1,1,0,0,0,0,0
1254494,8538374984110,4,4,0,5,4,0,0,0,0,0,0
1254495,8538358698432,2,4,0,3,1,1,0,0,0,0,0
1254496,8509195385126,5,4,0,6,5,0,0,0,0,0,0
1254497,8450441474561,0,4,0,1,0,0,0,0,0,0,0
1254498,8450425356623,0,4,0,1,0,0,0,0,0,0,0
1254499,8450409238716,0,4,0,1,0,0,0,0,0,0,0
1254500,8484194757780,1,4,0,2,0,1,0,0,0,0,0
1254501,8450377002994,0,4,0,1,0,0,0,0,0,0,0
1254502,8496205983156,5,4,0,6,4,1,0,0,0,0,0
1254503,8459585997899,5,4,0,6,0,5,0,0,0,0,0
1254504,8463126478676,5,4,0,6,4,1,0,0,0,0,0
1254505,8479313868246,3,4,0,4,1,2,0,0,0,0,0
1254506,8504045647854,5,4,0,6,5,0,0,0,0,0,0
1254507,8294897506746,3,4,0,4,2,1,0,0,0,0,0
1254508,8496257585032,5,4,0,6,4,1,0,0,0,0,0
1254509,8564249468722,4,4,0,5,3,1,0,0,0,0,0
1254510,8504074413327,5,4,0,6,5,0,0,0,0,0,0
1254511,8503964871943,5,4,0,6,5,0,0,0,0,0,0
1254512,8459138061542,4,4,0,5,0,4,0,0,0,0,0
1254513,8504025858212,5,4,0,6,5,0,0,0,0,0,0
1254514,8538052845647,4,4,0,5,4,0,0,0,0,0,0
1254515,8536345033594,2,4,0,3,0,2,0,0,0,0,0
1254516,8546468935799,2,4,0,3,1,1,0,0,0,0,0
1254517,8543072747421,4,4,0,5,3,1,0,0,0,0,0
1254518,8503898209702,5,4,0,6,5,0,0,0,0,0,0
1254519,8548111528115,4,4,0,5,3,1,0,0,0,0,0
1254520,8569450483914,4,4,0,5,1,3,0,0,0,0,0
1254521,8549767762678,3,4,0,4,1,2,0,0,0,0,0
1254522,8489763297006,5,4,0,6,3,2,0,0,0,0,0
1254523,8500041093046,5,4,0,6,5,0,0,0,0,0,0
1254524,8537890157867,4,4,0,5,4,0,0,0,0,0,0
1254525,8267127283049,4,4,0,5,0,4,0,0,0,0,0
1254526,8537857965814,4,4,0,5,3,1,0,0,0,0,0
1254527,8507476434268,5,4,0,6,5,0,0,0,0,0,0
1254528,8524305241851,3,4,0,4,1,2,0,0,0,0,0
1254529,8449928706151,0,4,0,1,0,0,0,0,0,0,0
1254530,8551311733651,4,4,0,5,3,1,0,0,0,0,0
1254531,8503896472262,2,4,0,3,1,1,0,0,0,0,0
1254532,8493819817007,2,4,0,3,2,0,0,0,0,0,0
1254533,8544502898472,4,4,0,5,0,4,0,0,0,0,0
1254534,8497167451647,2,4,0,3,0,2,0,0,0,0,0
1254535,8449277830540,5,4,0,6,1,4,0,0,0,0,0
1254536,8423843564097,5,4,0,6,0,5,0,0,0,0,0
1254537,8544438207127,2,4,0,3,0,2,0,0,0,0,0
1254538,8459746279150,5,4,0,6,2,3,0,0,0,0,0
1254539,8243933222630,2,4,0,3,1,1,0,0,0,0,0
1254540,8471722219030,1,4,0,2,1,0,0,0,0,0,0
1254541,8517334643596,3,4,0,4,2,1,0,0,0,0,0
1254542,8525768134703,2,4,0,3,1,1,0,0,0,0,0
1254543,8449704388560,0,4,0,1,0,0,0,0,0,0,0
1254544,8475688272028,1,4,0,2,1,0,0,0,0,0,0
1254545,8449672155527,0,4,0,1,0,0,0,0,0,0,0
1254546,8449656039056,0,4,0,1,0,0,0,0,0,0,0
1254547,8449639922616,0,4,0,1,0,0,0,0,0,0,0
1254548,8471592869999,1,4,0,2,0,1,0,0,0,0,0
1254549,8462713963372,5,4,0,6,3,2,0,0,0,0,0
1254550,8299366894613,3,4,0,4,3,0,0,0,0,0,0
1254551,8501071553711,5,4,0,6,5,0,0,0,0,0,0
1254552,8503349904181,5,4,0,6,5,0,0,0,0,0,0
1254553,8537419624782,4,4,0,5,4,0,0,0,0,0,0
1254554,8507528041227,2,4,0,3,1,1,0,0,0,0,0
1254555,8493449470839,2,4,0,3,2,0,0,0,0,0,0
1254556,8513712099496,2,4,0,3,2,0,0,0,0,0,0
1254557,8515385801923,3,4,0,4,2,1,0,0,0,0,0
1254558,8449463576628,0,4,0,1,0,0,0,0,0,0,0
1254559,8471416065851,1,4,0,2,1,0,0,0,0,0,0
1254560,8471399907910,1,4,0,2,1,0,0,0,0,0,0
1254561,8471383749986,1,4,0,2,1,0,0,0,0,0,0
1254562,8449399112522,0,4,0,1,0,0,0,0,0,0,0
1254563,8547396026248,2,4,0,3,1,1,0,0,0,0,0
1254564,8493303714126,2,4,0,3,1,1,0,0,0,0,0
1254565,8571319118652,2,4,0,3,1,1,0,0,0,0,0
1254566,8537207854912,4,4,0,5,4,0,0,0,0,0,0
1254567,8493255073234,2,4,0,3,2,0,0,0,0,0,0
1254568,8512188807927,5,4,0,6,4,1,0,0,0,0,0
1254569,8493222922139,2,4,0,3,2,0,0,0,0,0,0
1254570,8493206723880,2,4,0,3,2,0,0,0,0,0,0
1254571,8537126730613,4,4,0,5,4,0,0,0,0,0,0
1254572,8574586013758,2,4,0,3,0,2,0,0,0,0,0
1254573,8471190106145,1,4,0,2,1,0,0,0,0,0,0
1254574,8449205971212,0,4,0,1,0,0,0,0,0,0,0
1254575,8449189855631,0,4,0,1,0,0,0,0,0,0,0
1254576,8515173740080,2,4,0,3,1,1,0,0,0,0,0
1254577,8471125476284,1,4,0,2,1,0,0,0,0,0,0
1254578,8471109318883,1,4,0,2,1,0,0,0,0,0,0
1254579,8506944101367,5,4,0,6,5,0,0,0,0,0,0
1254580,8507076803175,3,4,0,4,2,1,0,0,0,0,0
1254581,8516313410992,2,4,0,3,1,1,0,0,0,0,0
1254582,8478380943296,5,4,0,6,4,1,0,0,0,0,0
1254583,8536932107367,4,4,0,5,4,0,0,0,0,0,0
1254584,8536915742162,4,4,0,5,4,0,0,0,0,0,0
1254585,8502792060481,5,4,0,6,5,0,0,0,0,0,0
1254586,8536883033740,4,4,0,5,4,0,0,0,0,0,0
1254587,8536866876913,4,4,0,5,4,0,0,0,0,0,0
1254588,8502789392856,5,4,0,6,5,0,0,0,0,0,0
1254589,8502796840186,5,4,0,6,5,0,0,0,0,0,0
1254590,8550073360832,5,4,0,6,5,0,0,0,0,0,0
1254591,8502765275728,5,4,0,6,5,0,0,0,0,0,0
1254592,8506667536638,5,4,0,6,5,0,0,0,0,0,0
1254593,8502801229705,5,4,0,6,5,0,0,0,0,0,0
1254594,8500680354740,5,4,0,6,5,0,0,0,0,0,0
1254595,8493845900420,5,4,0,6,4,1,0,0,0,0,0
1254596,8503484092378,5,4,0,6,5,0,0,0,0,0,0
1254597,8545153834203,2,4,0,3,1,1,0,0,0,0,0
1254598,8505770896517,5,4,0,6,5,0,0,0,0,0,0
1254599,8531603636326,3,4,0,4,2,1,0,0,0,0,0
1254600,8492722452100,2,4,0,3,2,0,0,0,0,0,0
1254601,8470739402988,1,4,0,2,1,0,0,0,0,0,0
1254602,8448756437704,0,4,0,1,0,0,0,0,0,0,0
1254603,8448740322980,0,4,0,1,0,0,0,0,0,0,0
1254604,8448724208287,0,4,0,1,0,0,0,0,0,0,0
1254605,8448708093624,0,4,0,1,0,0,0,0,0,0,0
1254606,8502422997218,5,4,0,6,5,0,0,0,0,0,0
1254607,8543301329211,4,4,0,5,3,1,0,0,0,0,0
1254608,8294387556677,4,4,0,5,4,0,0,0,0,0,0
1254609,8514543986965,3,4,0,4,3,0,0,0,0,0,0
1254610,8470594633650,1,4,0,2,0,1,0,0,0,0,0
1254611,8514511343678,3,4,0,4,3,0,0,0,0,0,0
1254612,8470562320924,1,4,0,2,1,0,0,0,0,0,0
1254613,8536445212823,2,4,0,3,1,1,0,0,0,0,0
1254614,8546567329773,3,4,0,4,3,0,0,0,0,0,0
1254615,8448547586459,0,4,0,1,0,0,0,0,0,0,0
1254616,8448531472133,0,4,0,1,0,0,0,0,0,0,0
1254617,8495827182415,2,4,0,3,1,1,0,0,0,0,0
1254618,8448499243574,0,4,0,1,0,0,0,0,0,0,0
1254619,8448483129341,0,4,0,1,0,0,0,0,0,0,0
1254620,8544779722763,2,4,0,3,1,1,0,0,0,0,0
1254621,8490403942293,5,4,0,6,4,1,0,0,0,0,0
1254622,8500400900139,2,4,0,3,2,0,0,0,0,0,0
1254623,8448418813688,0,4,0,1,0,0,0,0,0,0,0
1254624,8537955938994,4,4,0,5,2,2,0,0,0,0,0
1254625,8536250141183,4,4,0,5,4,0,0,0,0,0,0
1254626,8516597427273,3,4,0,4,3,0,0,0,0,0,0
1254627,8490030090613,5,4,0,6,4,1,0,0,0,0,0
1254628,8465182857961,5,4,0,6,5,0,0,0,0,0,0
1254629,8530333057309,4,4,0,5,2,2,0,0,0,0,0
1254630,8542203380613,4,4,0,5,4,0,0,0,0,0,0
1254631,8476290351130,1,4,0,2,0,1,0,0,0,0,0
1254632,8546274405355,4,4,0,5,3,1,0,0,0,0,0
1254633,8506025619419,5,4,0,6,5,0,0,0,0,0,0
1254634,8536104328654,4,4,0,5,4,0,0,0,0,0,0
1254635,8470191550181,1,4,0,2,1,0,0,0,0,0,0
1254636,8501829855979,5,4,0,6,5,0,0,0,0,0,0
1254637,8528262418316,2,4,0,3,1,1,0,0,0,0,0
1254638,8448177761433,0,4,0,1,0,0,0,0,0,0,0
1254639,8503172020625,3,4,0,4,2,1,0,0,0,0,0
1254640,8549523700990,4,4,0,5,3,1,0,0,0,0,0
1254641,8448129521994,0,4,0,1,0,0,0,0,0,0,0
1254642,8448113408466,0,4,0,1,0,0,0,0,0,0,0
1254643,8499607070277,5,4,0,6,5,0,0,0,0,0,0
1254644,8513976535390,3,4,0,4,3,0,0,0,0,0,0
1254645,8591995202002,3,4,0,4,3,0,0,0,0,0,0
1254646,8547419380889,3,4,0,4,2,1,0,0,0,0,0
1254647,8345097082464,5,4,0,6,4,1,0,0,0,0,0
1254648,8527671760415,3,4,0,4,2,1,0,0,0,0,0
1254649,8503397123085,5,4,0,6,5,0,0,0,0,0,0
1254650,8521914793236,3,4,0,4,2,1,0,0,0,0,0
1254651,8491476620005,5,4,0,6,4,1,0,0,0,0,0
1254652,7885756034422,2,4,0,3,1,1,0,0,0,0,0
1254653,8535797044533,4,4,0,5,3,1,0,0,0,0,0
1254654,8548264322058,4,4,0,5,3,1,0,0,0,0,0
1254655,8504466541448,3,4,0,4,2,1,0,0,0,0,0
1254656,8540817232225,3,4,0,4,2,1,0,0,0,0,0
1254657,8501653187510,5,4,0,6,5,0,0,0,0,0,0
1254658,8502277734318,5,4,0,6,5,0,0,0,0,0,0
1254659,8274921054760,5,4,0,6,3,2,0,0,0,0,0
1254660,8292386366626,3,4,0,4,2,1,0,0,0,0,0
1254661,8506082349621,5,4,0,6,5,0,0,0,0,0,0
1254662,8531794732902,3,4,0,4,0,3,0,0,0,0,0
1254663,8491707068836,2,4,0,3,2,0,0,0,0,0,0
1254664,8447762507153,0,4,0,1,0,0,0,0,0,0,0
1254665,8258553513650,4,4,0,5,3,1,0,0,0,0,0
1254666,8305559943087,3,4,0,4,3,0,0,0,0,0,0
1254667,8535571817623,4,4,0,5,4,0,0,0,0,0,0
1254668,8535555788683,4,4,0,5,4,0,0,0,0,0,0
1254669,8545676339745,3,4,0,4,2,1,0,0,0,0,0
1254670,8545660185170,2,4,0,3,1,1,0,0,0,0,0
1254671,8545643824398,4,4,0,5,4,0,0,0,0,0,0
1254672,8501457832292,5,4,0,6,5,0,0,0,0,0,0
1254673,8465115906858,5,4,0,6,2,3,0,0,0,0,0
1254674,8501356737628,5,4,0,6,5,0,0,0,0,0,0
1254675,8548641548241,4,4,0,5,2,2,0,0,0,0,0
1254676,8535426022563,4,4,0,5,4,0,0,0,0,0,0
1254677,8535410284033,4,4,0,5,4,0,0,0,0,0,0
1254678,8537083104603,4,4,0,5,3,1,0,0,0,0,0
1254679,8546171571162,4,4,0,5,1,3,0,0,0,0,0
1254680,8599469770701,3,4,0,4,3,0,0,0,0,0,0
1254681,8535344164901,4,4,0,5,4,0,0,0,0,0,0
1254682,8535327885048,4,4,0,5,4,0,0,0,0,0,0
1254683,8506492962957,4,4,0,5,4,0,0,0,0,0,0
1254684,8543743018662,2,4,0,3,1,1,0,0,0,0,0
1254685,8499515076399,5,4,0,6,5,0,0,0,0,0,0
1254686,8535263597965,4,4,0,5,4,0,0,0,0,0,0
1254687,8548762974619,4,4,0,5,3,1,0,0,0,0,0
1254688,8207518197643,4,4,0,5,0,4,0,0,0,0,0
1254689,8552109463418,4,4,0,5,2,2,0,0,0,0,0
1254690,8543645918284,2,4,0,3,1,1,0,0,0,0,0
1254691,8503509825356,5,4,0,6,5,0,0,0,0,0,0
1254692,8559791808452,4,4,0,5,0,4,0,0,0,0,0
1254693,8637297758475,4,4,0,5,3,1,0,0,0,0,0
1254694,8494110861143,5,4,0,6,4,1,0,0,0,0,0
1254695,8499341728167,3,4,0,4,2,1,0,0,0,0,0
1254696,8502414454144,5,4,0,6,5,0,0,0,0,0,0
1254697,8535085048931,4,4,0,5,3,1,0,0,0,0,0
1254698,8545205451611,3,4,0,4,2,1,0,0,0,0,0
1254699,8500929905350,5,4,0,6,5,0,0,0,0,0,0
1254700,8496013343583,3,4,0,4,2,1,0,0,0,0,0
1254701,8333020794916,5,4,0,6,4,1,0,0,0,0,0
1254702,8502113654314,3,4,0,4,2,1,0,0,0,0,0
1254703,8504920820373,5,4,0,6,5,0,0,0,0,0,0
1254704,8504793440570,5,4,0,6,5,0,0,0,0,0,0
1254705,8503330097375,5,4,0,6,5,0,0,0,0,0,0
1254706,8493675674583,3,4,0,4,2,1,0,0,0,0,0
1254707,8467814671505,5,4,0,6,4,1,0,0,0,0,0
1254708,8495933670500,3,4,0,4,2,1,0,0,0,0,0
1254709,8533203139454,2,4,0,3,1,1,0,0,0,0,0
1254710,8280545922539,2,4,0,3,0,2,0,0,0,0,0
1254711,8536550103530,2,4,0,3,0,2,0,0,0,0,0
1254712,8575038195897,5,4,0,6,4,1,0,0,0,0,0
1254713,8533139181136,2,4,0,3,1,1,0,0,0,0,0
1254714,8500437413465,3,4,0,4,2,1,0,0,0,0,0
1254715,8538173711197,3,4,0,4,2,1,0,0,0,0,0
1254716,8533089581230,2,4,0,3,1,1,0,0,0,0,0
1254717,8493854562714,5,4,0,6,4,1,0,0,0,0,0
1254718,8501902809910,3,4,0,4,2,1,0,0,0,0,0
1254719,8501931089887,3,4,0,4,2,1,0,0,0,0,0
1254720,7884293848002,2,4,0,3,0,2,0,0,0,0,0
1254721,8533012046871,2,4,0,3,1,1,0,0,0,0,0
1254722,7884265471743,2,4,0,3,0,2,0,0,0,0,0
1254723,7945896747249,2,4,0,3,0,2,0,0,0,0,0
1254724,8529439039622,3,4,0,4,2,1,0,0,0,0,0
1254725,8387482216119,3,4,0,4,2,1,0,0,0,0,0
1254726,7910978007598,2,4,0,3,0,2,0,0,0,0,0
1254727,8543051745867,2,4,0,3,2,0,0,0,0,0,0
1254728,8542584710148,5,4,0,6,5,0,0,0,0,0,0
1254729,8545041804933,5,4,0,6,5,0,0,0,0,0,0
1254730,8544968965126,5,4,0,6,4,1,0,0,0,0,0
1254731,8649491810358,5,4,0,6,3,2,0,0,0,0,0
1254732,8543902515911,3,4,0,4,1,2,0,0,0,0,0
1254733,8237632691698,5,4,0,6,5,0,0,0,0,0,0
1254734,8556629569004,5,4,0,6,3,2,0,0,0,0,0
1254735,8241434884002,6,4,0,7,6,0,0,0,0,0,0
1254736,8555407140890,5,4,0,6,5,0,0,0,0,0,0
1254737,8233736531037,6,4,0,7,6,0,0,0,0,0,0
1254738,8554801427073,5,4,0,6,5,0,0,0,0,0,0
1254739,8548365397403,5,4,0,6,5,0,0,0,0,0,0
1254740,8243542676077,6,4,0,7,6,0,0,0,0,0,0
1254741,8534254270601,4,4,0,5,2,2,0,0,0,0,0
1254742,8558643519342,4,4,0,5,2,2,0,0,0,0,0
1254743,8548230477628,5,4,0,6,5,0,0,0,0,0,0
1254744,8476971640999,5,4,0,6,2,3,0,0,0,0,0
1254745,8527920009312,2,4,0,3,1,1,0,0,0,0,0
1254746,8547995250647,5,4,0,6,4,1,0,0,0,0,0
1254747,8465831803621,5,4,0,6,3,2,0,0,0,0,0
1254748,8254783947907,5,4,0,6,3,2,0,0,0,0,0
1254749,8559910848265,5,4,0,6,4,1,0,0,0,0,0
1254750,8527781622705,4,4,0,5,4,0,0,0,0,0,0
1254751,8551165068350,5,4,0,6,4,1,0,0,0,0,0
1254752,8548096555086,5,4,0,6,5,0,0,0,0,0,0
1254753,8446343369130,0,4,0,1,0,0,0,0,0,0,0
1254754,8446327259008,0,4,0,1,0,0,0,0,0,0,0
1254755,8446311148918,0,4,0,1,0,0,0,0,0,0,0
1254756,8481665459308,3,4,0,4,2,1,0,0,0,0,0
1254757,8507320987819,2,4,0,3,1,1,0,0,0,0,0
1254758,8483985257445,3,4,0,4,2,1,0,0,0,0,0
1254759,8506860239156,4,4,0,5,2,2,0,0,0,0,0
1254760,8486075945973,3,4,0,4,3,0,0,0,0,0,0
1254761,8547951666801,5,4,0,6,5,0,0,0,0,0,0
1254762,8437048987647,3,4,0,4,0,3,0,0,0,0,0
1254763,8541626715651,4,4,0,5,2,2,0,0,0,0,0
1254764,8547823141497,5,4,0,6,5,0,0,0,0,0,0
1254765,8547838983926,5,4,0,6,5,0,0,0,0,0,0
1254766,8529065397932,4,4,0,5,3,1,0,0,0,0,0
1254767,8547820226834,5,4,0,6,5,0,0,0,0,0,0
1254768,8450789335110,5,4,0,6,4,1,0,0,0,0,0
1254769,8547535772791,5,4,0,6,4,1,0,0,0,0,0
1254770,8547726701252,5,4,0,6,5,0,0,0,0,0,0
1254771,8547770445034,5,4,0,6,5,0,0,0,0,0,0
1254772,8546124389954,4,4,0,5,4,0,0,0,0,0,0
1254773,8547648772531,5,4,0,6,5,0,0,0,0,0,0
1254774,8538296334007,4,4,0,5,3,1,0,0,0,0,0
1254775,8544080642796,5,4,0,6,4,1,0,0,0,0,0
1254776,8547593460124,5,4,0,6,5,0,0,0,0,0,0
1254777,8440437110150,5,4,0,6,3,2,0,0,0,0,0
1254778,8215828253930,4,4,0,5,1,3,0,0,0,0,0
1254779,8547446225304,5,4,0,6,5,0,0,0,0,0,0
1254780,8547523998509,5,4,0,6,5,0,0,0,0,0,0
1254781,8474604405077,5,4,0,6,5,0,0,0,0,0,0
1254782,8477986971505,5,4,0,6,1,4,0,0,0,0,0
1254783,8527095874651,4,4,0,5,4,0,0,0,0,0,0
1254784,8547453601358,5,4,0,6,5,0,0,0,0,0,0
1254785,8547437451599,5,4,0,6,5,0,0,0,0,0,0
1254786,8527040160493,4,4,0,5,2,2,0,0,0,0,0
1254787,8485034355516,3,4,0,4,2,1,0,0,0,0,0
1254788,8492581791309,3,4,0,4,3,0,0,0,0,0,0
1254789,8547334327435,5,4,0,6,5,0,0,0,0,0,0
1254790,8547337434222,5,4,0,6,5,0,0,0,0,0,0
1254791,8148593121931,5,4,0,6,1,4,0,0,0,0,0
1254792,8545708417897,5,4,0,6,3,2,0,0,0,0,0
1254793,8547243236751,5,4,0,6,5,0,0,0,0,0,0
1254794,8234299087629,6,4,0,7,6,0,0,0,0,0,0
1254795,8540962980674,3,4,0,4,2,1,0,0,0,0,0
1254796,8536258412924,3,4,0,4,3,0,0,0,0,0,0
1254797,8581750234858,5,4,0,6,4,1,0,0,0,0,0
1254798,8532970453945,5,4,0,6,4,1,0,0,0,0,0
1254799,8247251815337,5,4,0,6,5,0,0,0,0,0,0
1254800,9380750818268,4,4,0,5,1,3,0,0,0,0,0
1254801,8526795107819,4,4,0,5,3,1,0,0,0,0,0
1254802,8474034550230,5,4,0,6,3,2,0,0,0,0,0
1254803,8645248905916,5,4,0,6,4,1,0,0,0,0,0
1254804,8547047851928,5,4,0,6,5,0,0,0,0,0,0
1254805,8547032991265,4,4,0,5,3,1,0,0,0,0,0
1254806,8547000311125,5,4,0,6,5,0,0,0,0,0,0
1254807,8484086188543,4,4,0,5,4,0,0,0,0,0,0
1254808,8248230573765,6,4,0,7,6,0,0,0,0,0,0
1254809,8546887636558,5,4,0,6,5,0,0,0,0,0,0
1254810,8248472538882,6,4,0,7,6,0,0,0,0,0,0
1254811,8534441745876,4,4,0,5,0,4,0,0,0,0,0
1254812,8524353070178,5,4,0,6,2,3,0,0,0,0,0
1254813,8697566034208,5,4,0,6,2,3,0,0,0,0,0
1254814,8535877328924,4,4,0,5,4,0,0,0,0,0,0
1254815,8166839182600,6,4,0,7,6,0,0,0,0,0,0
1254816,8550764023260,4,4,0,5,2,2,0,0,0,0,0
1254817,8559007936394,5,4,0,6,3,2,0,0,0,0,0
1254818,8243228927497,6,4,0,7,6,0,0,0,0,0,0
1254819,8506147999101,3,4,0,4,2,1,0,0,0,0,0
1254820,8445272103133,0,4,0,1,0,0,0,0,0,0,0
1254821,8445255995055,0,4,0,1,0,0,0,0,0,0,0
1254822,8546671906918,5,4,0,6,5,0,0,0,0,0,0
1254823,8545101267503,3,4,0,4,2,1,0,0,0,0,0
1254824,8546645745275,5,4,0,6,5,0,0,0,0,0,0
1254825,8573191563050,2,4,0,3,2,0,0,0,0,0,0
1254826,8247348826612,3,4,0,4,2,1,0,0,0,0,0
1254827,8552373126408,5,4,0,6,5,0,0,0,0,0,0
1254828,8445143846069,0,4,0,1,0,0,0,0,0,0,0
1254829,8466992862216,1,4,0,2,0,1,0,0,0,0,0
1254830,8546628083848,5,4,0,6,5,0,0,0,0,0,0
1254831,8594795827507,5,4,0,6,1,4,0,0,0,0,0
1254832,8625925270333,5,4,0,6,4,1,0,0,0,0,0
1254833,8460535372393,4,4,0,5,2,2,0,0,0,0,0
1254834,8445047473836,0,4,0,1,0,0,0,0,0,0,0
1254835,8445031366186,0,4,0,1,0,0,0,0,0,0,0
1254836,8465319569217,1,4,0,2,1,0,0,0,0,0,0
1254837,8544897322270,3,4,0,4,0,3,0,0,0,0,0
1254838,8233348095456,6,4,0,7,6,0,0,0,0,0,0
1254839,8242979365097,6,4,0,7,6,0,0,0,0,0,0
1254840,8594855526680,5,4,0,6,2,3,0,0,0,0,0
1254841,8544936067841,1,4,0,2,1,0,0,0,0,0,0
1254842,8541042629800,5,4,0,6,3,2,0,0,0,0,0
1254843,8523844526429,5,4,0,6,1,4,0,0,0,0,0
1254844,8574887822834,2,4,0,3,1,1,0,0,0,0,0
1254845,8505779857186,3,4,0,4,3,0,0,0,0,0,0
1254846,8466720027591,1,4,0,2,0,1,0,0,0,0,0
1254847,8444839500891,0,4,0,1,0,0,0,0,0,0,0
1254848,8444823393638,0,4,0,1,0,0,0,0,0,0,0
1254849,8466672928619,1,4,0,2,0,1,0,0,0,0,0
1254850,8494775087160,2,4,0,3,2,0,0,0,0,0,0
1254851,8421438809115,4,4,0,5,1,3,0,0,0,0,0
1254852,8546192990688,5,4,0,6,4,1,0,0,0,0,0
1254853,8655665356416,4,4,0,5,3,1,0,0,0,0,0
1254854,8444727013010,0,4,0,1,0,0,0,0,0,0,0
1254855,8504070807242,1,4,0,2,0,1,0,0,0,0,0
1254856,8565005852012,2,4,0,3,1,1,0,0,0,0,0
1254857,8444678691987,0,4,0,1,0,0,0,0,0,0,0
1254858,8546236255421,5,4,0,6,5,0,0,0,0,0,0
1254859,8516838579389,3,4,0,4,1,2,0,0,0,0,0
1254860,8444630371240,0,4,0,1,0,0,0,0,0,0,0
1254861,8488337795179,3,4,0,4,3,0,0,0,0,0,0
1254862,8546174504701,5,4,0,6,5,0,0,0,0,0,0
1254863,8232249951067,6,4,0,7,6,0,0,0,0,0,0
1254864,8444566706751,0,4,0,1,0,0,0,0,0,0,0
1254865,8444550600019,0,4,0,1,0,0,0,0,0,0,0
1254866,8485164598287,2,4,0,3,2,0,0,0,0,0,0
1254867,8486721520590,2,4,0,3,1,1,0,0,0,0,0
1254868,8230581796531,6,4,0,7,6,0,0,0,0,0,0
1254869,8536603695361,4,4,0,5,2,2,0,0,0,0,0
1254870,8444470707469,0,4,0,1,0,0,0,0,0,0,0
1254871,8485126972087,2,4,0,3,2,0,0,0,0,0,0
1254872,8508597362481,3,4,0,4,3,0,0,0,0,0,0
1254873,8462129725725,4,4,0,5,2,2,0,0,0,0,0
1254874,8444406462962,0,4,0,1,0,0,0,0,0,0,0
1254875,8444390356535,0,4,0,1,0,0,0,0,0,0,0
1254876,8444374250138,0,4,0,1,0,0,0,0,0,0,0
1254877,8238967283973,6,4,0,7,6,0,0,0,0,0,0
1254878,8549412814206,2,4,0,3,0,2,0,0,0,0,0
1254879,8553158503847,4,4,0,5,3,1,0,0,0,0,0
1254880,8245675828084,2,4,0,3,0,2,0,0,0,0,0
1254881,8539850080586,2,4,0,3,1,1,0,0,0,0,0
1254882,8234552307769,6,4,0,7,6,0,0,0,0,0,0
1254883,8553227424059,5,4,0,6,5,0,0,0,0,0,0
1254884,8524166776584,5,4,0,6,3,2,0,0,0,0,0
1254885,8466186381208,1,4,0,2,1,0,0,0,0,0,0
1254886,8488125234609,2,4,0,3,2,0,0,0,0,0,0
1254887,8466154043642,1,4,0,2,1,0,0,0,0,0,0
1254888,8466137895724,1,4,0,2,1,0,0,0,0,0,0
1254889,8242804966202,2,4,0,3,0,2,0,0,0,0,0
1254890,8527373217501,5,4,0,6,3,2,0,0,0,0,0
1254891,8476657366601,3,4,0,4,1,2,0,0,0,0,0
1254892,8540383099292,2,4,0,3,1,1,0,0,0,0,0
1254893,8484457976784,3,4,0,4,2,1,0,0,0,0,0
1254894,8549858356204,2,4,0,3,0,2,0,0,0,0,0
1254895,8562515629365,5,4,0,6,3,2,0,0,0,0,0
1254896,8484244682187,3,4,0,4,2,1,0,0,0,0,0
1254897,8485430789231,3,4,0,4,2,1,0,0,0,0,0
1254898,8477051967552,3,4,0,4,1,2,0,0,0,0,0
1254899,8550403707109,2,4,0,3,2,0,0,0,0,0,0
1254900,8476462322846,3,4,0,4,2,1,0,0,0,0,0
1254901,8475596121798,3,4,0,4,2,1,0,0,0,0,0
1254902,8539822733146,4,4,0,5,3,1,0,0,0,0,0
1254903,8469943204791,1,4,0,2,1,0,0,0,0,0,0
1254904,8476014083408,1,4,0,2,1,0,0,0,0,0,0
1254905,8235184378640,6,4,0,7,6,0,0,0,0,0,0
1254906,8489423002308,3,4,0,4,2,1,0,0,0,0,0
1254907,8482486846108,4,4,0,5,3,1,0,0,0,0,0
1254908,8553613330437,5,4,0,6,5,0,0,0,0,0,0
1254909,8514776237582,3,4,0,4,2,1,0,0,0,0,0
1254910,8551912699792,4,4,0,5,2,2,0,0,0,0,0
1254911,8551507685149,5,4,0,6,4,1,0,0,0,0,0
1254912,8546871865421,5,4,0,6,1,4,0,0,0,0,0
1254913,8533287577161,2,4,0,3,0,2,0,0,0,0,0
1254914,8231612207408,4,4,0,5,3,1,0,0,0,0,0
1254915,8552245822956,5,4,0,6,3,2,0,0,0,0,0
1254916,8553433527588,5,4,0,6,5,0,0,0,0,0,0
1254917,8236984117712,6,4,0,7,6,0,0,0,0,0,0
1254918,8531518633163,3,4,0,4,1,2,0,0,0,0,0
1254919,8237136562187,4,4,0,5,1,3,0,0,0,0,0
1254920,8531487869435,4,4,0,5,4,0,0,0,0,0,0
1254921,8465609798992,1,4,0,2,1,0,0,0,0,0,0
1254922,8465593652123,1,4,0,2,1,0,0,0,0,0,0
1254923,8531437898415,4,4,0,5,3,1,0,0,0,0,0
1254924,8539865291902,2,4,0,3,1,1,0,0,0,0,0
1254925,8531405688577,4,4,0,5,4,0,0,0,0,0,0
1254926,8489173070172,3,4,0,4,2,1,0,0,0,0,0
1254927,8529684232246,2,4,0,3,1,1,0,0,0,0,0
1254928,8541489050405,3,4,0,4,0,3,0,0,0,0,0
1254929,8547038612857,5,4,0,6,2,3,0,0,0,0,0
1254930,8473285777966,3,4,0,4,2,1,0,0,0,0,0
1254931,8500364509890,5,4,0,6,4,1,0,0,0,0,0
1254932,8473253380792,3,4,0,4,2,1,0,0,0,0,0
1254933,8542134718772,5,4,0,6,4,1,0,0,0,0,0
1254934,8552535037389,5,4,0,6,5,0,0,0,0,0,0
1254935,8553156876280,5,4,0,6,5,0,0,0,0,0,0
1254936,8549938905688,5,4,0,6,3,2,0,0,0,0,0
1254937,8535258092897,4,4,0,5,4,0,0,0,0,0,0
1254938,8545685403930,2,4,0,3,0,2,0,0,0,0,0
1254939,8487272919842,1,4,0,2,0,1,0,0,0,0,0
1254940,8443351138258,0,4,0,1,0,0,0,0,0,0,0
1254941,8499335033843,1,4,0,2,0,1,0,0,0,0,0
1254942,8539572990675,2,4,0,3,0,2,0,0,0,0,0
1254943,8539556844449,2,4,0,3,2,0,0,0,0,0,0
1254944,8531097321351,4,4,0,5,4,0,0,0,0,0,0
1254945,8515175707437,3,4,0,4,2,1,0,0,0,0,0
1254946,8543555293645,2,4,0,3,2,0,0,0,0,0,0
1254947,8443238408003,0,4,0,1,0,0,0,0,0,0,0
1254948,8471811367767,5,4,0,6,4,1,0,0,0,0,0
1254949,8496978303758,5,4,0,6,5,0,0,0,0,0,0
1254950,8529133014135,3,4,0,4,2,1,0,0,0,0,0
1254951,8530983628555,4,4,0,5,3,1,0,0,0,0,0
1254952,8541099250300,2,4,0,3,1,1,0,0,0,0,0
1254953,8501327555813,5,4,0,6,5,0,0,0,0,0,0
1254954,8530935087993,4,4,0,5,4,0,0,0,0,0,0
1254955,8465062348956,1,4,0,2,1,0,0,0,0,0,0
1254956,8469094033317,1,4,0,2,1,0,0,0,0,0,0
1254957,8519847743431,5,4,0,6,4,1,0,0,0,0,0
1254958,8508236311489,5,4,0,6,4,1,0,0,0,0,0
1254959,8540985403573,4,4,0,5,3,1,0,0,0,0,0
1254960,8549740630609,3,4,0,4,2,1,0,0,0,0,0
1254961,8530821441127,4,4,0,5,4,0,0,0,0,0,0
1254962,8629957302940,5,4,0,6,5,0,0,0,0,0,0
1254963,8442981474829,0,4,0,1,0,0,0,0,0,0,0
1254964,8442965371120,0,4,0,1,0,0,0,0,0,0,0
1254965,8442949267442,0,4,0,1,0,0,0,0,0,0,0
1254966,8363102175281,3,4,0,4,2,1,0,0,0,0,0
1254967,8551699183295,5,4,0,6,5,0,0,0,0,0,0
1254968,8442900000000,0,4,1,0,0,0,0,0,0,0,0
1254969,8464836817946,1,4,0,2,1,0,0,0,0,0,0
1254970,8453750244100,3,4,0,4,0,3,0,0,0,0,0
1254971,8530659236682,4,4,0,5,4,0,0,0,0,0,0
1254972,8543589961773,5,4,0,6,2,3,0,0,0,0,0
1254973,8549200801224,2,4,0,3,2,0,0,0,0,0,0
1254974,8442804950046,0,4,0,1,0,0,0,0,0,0,0
1254975,8464740139544,1,4,0,2,1,0,0,0,0,0,0
1254976,8442772743332,0,4,0,1,0,0,0,0,0,0,0
1254977,8442756640021,0,4,0,1,0,0,0,0,0,0,0
1254978,8530545205797,4,4,0,5,4,0,0,0,0,0,0
1254979,8488315274253,2,4,0,3,1,1,0,0,0,0,0
1254980,8536561580826,4,4,0,5,3,1,0,0,0,0,0
1254981,8472692227084,1,4,0,2,1,0,0,0,0,0,0
1254982,8464627123711,1,4,0,2,1,0,0,0,0,0,0
1254983,8564610978712,2,4,0,3,1,1,0,0,0,0,0
1254984,8488234281812,2,4,0,3,1,1,0,0,0,0,0
1254985,8464578688817,1,4,0,2,1,0,0,0,0,0,0
1254986,8518513376216,3,4,0,4,2,1,0,0,0,0,0
1254987,8442595608600,0,4,0,1,0,0,0,0,0,0,0
1254988,8508431835078,3,4,0,4,2,1,0,0,0,0,0
1254989,8442563402684,0,4,0,1,0,0,0,0,0,0,0
1254990,8538792522532,2,4,0,3,2,0,0,0,0,0,0
1254991,8442531196891,0,4,0,1,0,0,0,0,0,0,0
1254992,8442515094041,0,4,0,1,0,0,0,0,0,0,0
1254993,8536449572328,2,4,0,3,1,1,0,0,0,0,0
1254994,8236383114181,3,4,0,4,1,2,0,0,0,0,0
1254995,8530269313188,4,4,0,5,4,0,0,0,0,0,0
1254996,8508573631311,3,4,0,4,3,0,0,0,0,0,0
1254997,8540475097592,1,4,0,2,0,1,0,0,0,0,0
1254998,8497733526122,5,4,0,6,5,0,0,0,0,0,0
1254999,8533581307625,4,4,0,5,2,2,0,0,0,0,0
1255000,8530188237349,4,4,0,5,4,0,0,0,0,0,0
1255001,8499233813192,5,4,0,6,5,0,0,0,0,0,0
1255002,8502745148315,5,4,0,6,5,0,0,0,0,0,0
1255003,8592338980770,2,4,0,3,0,2,0,0,0,0,0
1255004,8508173122330,3,4,0,4,3,0,0,0,0,0,0
1255005,8464256815308,1,4,0,2,1,0,0,0,0,0,0
1255006,8486190668641,2,4,0,3,2,0,0,0,0,0,0
1255007,8485752832038,5,4,0,6,4,1,0,0,0,0,0
1255008,8189985668494,3,4,0,4,1,2,0,0,0,0,0
1255009,8496031817686,5,4,0,6,5,0,0,0,0,0,0
1255010,8530026662954,4,4,0,5,2,2,0,0,0,0,0
1255011,8498132826568,4,4,0,5,3,1,0,0,0,0,0
1255012,8499921555093,5,4,0,6,5,0,0,0,0,0,0
1255013,8546078519934,3,4,0,4,2,1,0,0,0,0,0
1255014,8483911578102,5,4,0,6,4,1,0,0,0,0,0
1255015,8628147050026,4,4,0,5,2,2,0,0,0,0,0
1255016,8465936166395,5,4,0,6,4,1,0,0,0,0,0
1255017,8486014135751,2,4,0,3,2,0,0,0,0,0,0
1255018,8529896907012,4,4,0,5,4,0,0,0,0,0,0
1255019,8529880763126,4,4,0,5,3,1,0,0,0,0,0
1255020,8496676206127,5,4,0,6,5,0,0,0,0,0,0
1255021,8499754085854,5,4,0,6,5,0,0,0,0,0,0
1255022,8537259702990,4,4,0,5,2,2,0,0,0,0,0
1255023,8496047730063,1,4,0,2,0,1,0,0,0,0,0
1255024,8484396867536,5,4,0,6,4,1,0,0,0,0,0
1255025,8493935739988,2,4,0,3,2,0,0,0,0,0,0
1255026,8441970431677,0,4,0,1,0,0,0,0,0,0,0
1255027,8519229412604,3,4,0,4,2,1,0,0,0,0,0
1255028,8489265021279,3,4,0,4,1,2,0,0,0,0,0
1255029,8528030012155,2,4,0,3,1,1,0,0,0,0,0
1255030,8478537160748,1,4,0,2,0,1,0,0,0,0,0
1255031,8538128046824,2,4,0,3,2,0,0,0,0,0,0
1255032,8463823029485,1,4,0,2,0,1,0,0,0,0,0
1255033,8488316480947,5,4,0,6,4,1,0,0,0,0,0
1255034,8331236828308,5,4,0,6,3,2,0,0,0,0,0
1255035,8489100823927,2,4,0,3,0,2,0,0,0,0,0
1255036,8441810227629,0,4,0,1,0,0,0,0,0,0,0
1255037,8463742832739,1,4,0,2,1,0,0,0,0,0,0
1255038,8463726689434,1,4,0,2,1,0,0,0,0,0,0
1255039,8510984503059,3,4,0,4,1,2,0,0,0,0,0
1255040,8247606569498,4,4,0,5,2,2,0,0,0,0,0
1255041,8214812324009,3,4,0,4,0,3,0,0,0,0,0
1255042,8513952176659,2,4,0,3,2,0,0,0,0,0,0
1255043,8495415441665,5,4,0,6,5,0,0,0,0,0,0
1255044,8483515055322,5,4,0,6,4,1,0,0,0,0,0
1255045,8527772045555,2,4,0,3,1,1,0,0,0,0,0
1255046,8463599113222,1,4,0,2,1,0,0,0,0,0,0
1255047,8533479554208,4,4,0,5,4,0,0,0,0,0,0
1255048,8441618577022,0,4,0,1,0,0,0,0,0,0,0
1255049,8463550684208,1,4,0,2,1,0,0,0,0,0,0
1255050,8487171028199,2,4,0,3,1,1,0,0,0,0,0
1255051,8532739406582,3,4,0,4,1,2,0,0,0,0,0
1255052,8531034988290,4,4,0,5,3,1,0,0,0,0,0
1255053,8495564224549,1,4,0,2,1,0,0,0,0,0,0
1255054,8527625659139,2,4,0,3,1,1,0,0,0,0,0
1255055,8529297698388,4,4,0,5,0,4,0,0,0,0,0
1255056,8529281430001,4,4,0,5,0,4,0,0,0,0,0
1255057,8450613321864,5,4,0,6,0,5,0,0,0,0,0
1255058,8212903934201,5,4,0,6,0,5,0,0,0,0,0
1255059,8529234044397,4,4,0,5,0,4,0,0,0,0,0
1255060,8242547150639,4,4,0,5,2,2,0,0,0,0,0
1255061,8450704724754,5,4,0,6,0,5,0,0,0,0,0
1255062,8529186586810,4,4,0,5,0,4,0,0,0,0,0
1255063,8450795046786,5,4,0,6,0,5,0,0,0,0,0
1255064,8450779285727,5,4,0,6,0,5,0,0,0,0,0
1255065,8450795065631,5,4,0,6,0,5,0,0,0,0,0
1255066,8359192276306,5,4,0,6,2,3,0,0,0,0,0
1255067,8418175726039,5,4,0,6,3,2,0,0,0,0,0
1255068,8529089904626,4,4,0,5,0,4,0,0,0,0,0
1255069,8529074588922,4,4,0,5,0,4,0,0,0,0,0
1255070,8529058611003,4,4,0,5,0,4,0,0,0,0,0
1255071,8527354826325,2,4,0,3,0,2,0,0,0,0,0
1255072,8482147826870,3,4,0,4,0,3,0,0,0,0,0
1255073,8482182159945,3,4,0,4,0,3,0,0,0,0,0
1255074,8482191480347,3,4,0,4,0,3,0,0,0,0,0
1255075,8482124678600,3,4,0,4,0,3,0,0,0,0,0
1255076,8527274794653,2,4,0,3,0,2,0,0,0,0,0
1255077,8426015308242,3,4,0,4,0,3,0,0,0,0,0
1255078,8533992852496,4,4,0,5,2,2,0,0,0,0,0
1255079,8537378314194,2,4,0,3,1,1,0,0,0,0,0
1255080,8522145628656,2,4,0,3,1,1,0,0,0,0,0
1255081,8425017747751,1,4,0,2,0,1,0,0,0,0,0
1255082,8493831390727,3,4,0,4,2,1,0,0,0,0,0
1255083,8537289867054,2,4,0,3,2,0,0,0,0,0,0
1255084,8253618161671,2,4,0,3,0,2,0,0,0,0,0
1255085,7890030635815,4,4,0,5,0,4,0,0,0,0,0
1255086,8511939878707,2,4,0,3,2,0,0,0,0,0,0
1255087,8484658102345,5,4,0,6,3,2,0,0,0,0,0
1255088,8481834601180,5,4,0,6,4,1,0,0,0,0,0
1255089,8488438240680,5,4,0,6,5,0,0,0,0,0,0
1255090,8533799406481,4,4,0,5,3,1,0,0,0,0,0
1255091,8378378148348,5,4,0,6,2,3,0,0,0,0,0
1255092,8458743706733,5,4,0,6,3,2,0,0,0,0,0
1255093,8537127444889,2,4,0,3,1,1,0,0,0,0,0
1255094,8494550427311,5,4,0,6,5,0,0,0,0,0,0
1255095,8498588551230,5,4,0,6,5,0,0,0,0,0,0
1255096,8494522492302,5,4,0,6,5,0,0,0,0,0,0
1255097,8494507937084,5,4,0,6,5,0,0,0,0,0,0
1255098,8586551379099,5,4,0,6,3,2,0,0,0,0,0
1255099,8542094948773,2,4,0,3,1,1,0,0,0,0,0
1255100,8393830093701,4,4,0,5,3,1,0,0,0,0,0
1255101,8547429417198,5,4,0,6,5,0,0,0,0,0,0
1255102,8548465288324,5,4,0,6,5,0,0,0,0,0,0
1255103,8548451559541,5,4,0,6,5,0,0,0,0,0,0
1255104,8479053994607,5,4,0,6,3,2,0,0,0,0,0
1255105,8528493537075,4,4,0,5,4,0,0,0,0,0,0
1255106,8550363585961,5,4,0,6,5,0,0,0,0,0,0
1255107,8528459798455,4,4,0,5,4,0,0,0,0,0,0
1255108,8551575234602,5,4,0,6,4,1,0,0,0,0,0
1255109,8475784322287,3,4,0,4,1,2,0,0,0,0,0
1255110,8528412240897,4,4,0,5,4,0,0,0,0,0,0
1255111,8549724638106,5,4,0,6,4,1,0,0,0,0,0
1255112,8550268669341,5,4,0,6,5,0,0,0,0,0,0
1255113,8528367010636,4,4,0,5,3,1,0,0,0,0,0
1255114,8550089802865,5,4,0,6,5,0,0,0,0,0,0
1255115,8549491470390,5,4,0,6,4,1,0,0,0,0,0
1255116,8550174802529,5,4,0,6,4,1,0,0,0,0,0
1255117,8544439217488,3,4,0,4,1,2,0,0,0,0,0
1255118,8235688724330,5,4,0,6,4,1,0,0,0,0,0
1255119,8543167679307,5,4,0,6,4,1,0,0,0,0,0
1255120,8547655076083,3,4,0,4,1,2,0,0,0,0,0
1255121,8479702465563,4,4,0,5,4,0,0,0,0,0,0
1255122,8512127415524,5,4,0,6,1,4,0,0,0,0,0
1255123,8542145049466,5,4,0,6,5,0,0,0,0,0,0
1255124,8531112087377,4,4,0,5,3,1,0,0,0,0,0
1255125,8523304125940,4,4,0,5,3,1,0,0,0,0,0
1255126,8436875016279,4,4,0,5,2,2,0,0,0,0,0
1255127,8524938681476,4,4,0,5,4,0,0,0,0,0,0
1255128,8440339799529,0,4,0,1,0,0,0,0,0,0,0
1255129,8460668545378,1,4,0,2,0,1,0,0,0,0,0
1255130,8541863571558,5,4,0,6,4,1,0,0,0,0,0
1255131,8486614526273,2,4,0,3,2,0,0,0,0,0,0
1255132,8546004033839,4,4,0,5,2,2,0,0,0,0,0
1255133,8501271514931,3,4,0,4,3,0,0,0,0,0,0
1255134,8480889020611,2,4,0,3,1,1,0,0,0,0,0
1255135,8440227109593,0,4,0,1,0,0,0,0,0,0,0
1255136,8440211011137,0,4,0,1,0,0,0,0,0,0,0
1255137,8440194912712,0,4,0,1,0,0,0,0,0,0,0
1255138,8484080998490,2,4,0,3,1,1,0,0,0,0,0
1255139,8460545834021,1,4,0,2,1,0,0,0,0,0,0
1255140,8460529696806,1,4,0,2,1,0,0,0,0,0,0
1255141,8460513559633,1,4,0,2,1,0,0,0,0,0,0
1255142,8460497422479,1,4,0,2,1,0,0,0,0,0,0
1255143,8460481324238,1,4,0,2,0,1,0,0,0,0,0
1255144,8423977636134,5,4,0,6,3,2,0,0,0,0,0
1255145,8540575864715,5,4,0,6,3,2,0,0,0,0,0
1255146,8541936382405,5,4,0,6,5,0,0,0,0,0,0
1255147,8246588934234,6,4,0,7,6,0,0,0,0,0,0
1255148,8470018730351,1,4,0,2,1,0,0,0,0,0,0
1255149,8519153293788,5,4,0,6,3,2,0,0,0,0,0
1255150,8471280923094,3,4,0,4,1,2,0,0,0,0,0
1255151,8528992742711,2,4,0,3,2,0,0,0,0,0,0
1255152,8528976529850,2,4,0,3,2,0,0,0,0,0,0
1255153,8541454316973,5,4,0,6,5,0,0,0,0,0,0
1255154,8350107289055,5,4,0,6,2,3,0,0,0,0,0
1255155,8513348754043,3,4,0,4,1,2,0,0,0,0,0
1255156,8439890892789,0,4,0,1,0,0,0,0,0,0,0
1255157,8439874794975,0,4,0,1,0,0,0,0,0,0,0
1255158,8540007596531,3,4,0,4,1,2,0,0,0,0,0
1255159,8519920364804,2,4,0,3,2,0,0,0,0,0,0
1255160,8509726943403,3,4,0,4,2,1,0,0,0,0,0
1255161,8465810404397,1,4,0,2,1,0,0,0,0,0,0
1255162,8541702701535,4,4,0,5,3,1,0,0,0,0,0
1255163,8562531042618,5,4,0,6,5,0,0,0,0,0,0
1255164,8607179994268,4,4,0,5,2,2,0,0,0,0,0
1255165,8439746013965,0,4,0,1,0,0,0,0,0,0,0
1255166,8522304294183,4,4,0,5,3,1,0,0,0,0,0
1255167,8524032744676,4,4,0,5,4,0,0,0,0,0,0
1255168,8460777452882,1,4,0,2,1,0,0,0,0,0,0
1255169,8493277640477,1,4,0,2,0,1,0,0,0,0,0
1255170,8461438866742,1,4,0,2,1,0,0,0,0,0,0
1255171,8469649429197,3,4,0,4,0,3,0,0,0,0,0
1255172,8530076133640,4,4,0,5,2,2,0,0,0,0,0
1255173,8452025722387,3,4,0,4,1,2,0,0,0,0,0
1255174,8539188973577,4,4,0,5,3,1,0,0,0,0,0
1255175,8479990946576,3,4,0,4,2,1,0,0,0,0,0
1255176,8469569295943,3,4,0,4,0,3,0,0,0,0,0
1255177,8263525089583,5,4,0,6,3,2,0,0,0,0,0
1255178,8542986387235,5,4,0,6,3,2,0,0,0,0,0
1255179,8541350077841,4,4,0,5,3,1,0,0,0,0,0
1255180,8461448262296,1,4,0,2,1,0,0,0,0,0,0
1255181,8513374837683,3,4,0,4,2,1,0,0,0,0,0
1255182,8479473312008,4,4,0,5,0,4,0,0,0,0,0
1255183,8471286152281,3,4,0,4,2,1,0,0,0,0,0
1255184,8527211679497,4,4,0,5,3,1,0,0,0,0,0
1255185,8527195540680,4,4,0,5,4,0,0,0,0,0,0
1255186,8491409088770,2,4,0,3,2,0,0,0,0,0,0
1255187,8486653682750,2,4,0,3,1,1,0,0,0,0,0
1255188,8483261738558,2,4,0,3,2,0,0,0,0,0,0
1255189,8265607833714,2,4,0,3,1,1,0,0,0,0,0
1255190,8538929841156,3,4,0,4,1,2,0,0,0,0,0
1255191,8527098578089,4,4,0,5,4,0,0,0,0,0,0
1255192,8527082441007,4,4,0,5,4,0,0,0,0,0,0
1255193,8201775152872,2,4,0,3,1,1,0,0,0,0,0
1255194,8484853873326,2,4,0,3,1,1,0,0,0,0,0
1255195,8451842614475,5,4,0,6,0,5,0,0,0,0,0
1255196,8466474306759,5,4,0,6,2,3,0,0,0,0,0
1255197,8539233638619,1,4,0,2,0,1,0,0,0,0,0
1255198,8483101556960,2,4,0,3,2,0,0,0,0,0,0
1255199,8461143411132,1,4,0,2,0,1,0,0,0,0,0
1255200,8266991871554,3,4,0,4,1,2,0,0,0,0,0
1255201,8492916017620,5,4,0,6,5,0,0,0,0,0,0
1255202,8284091159430,3,4,0,4,2,1,0,0,0,0,0
1255203,8285728598325,3,4,0,4,2,1,0,0,0,0,0
1255204,8215261493071,5,4,0,6,3,2,0,0,0,0,0
1255205,8482990679160,2,4,0,3,2,0,0,0,0,0,0
1255206,8259154568795,2,4,0,3,1,1,0,0,0,0,0
1255207,8203482602154,2,4,0,3,0,2,0,0,0,0,0
1255208,8267183064839,2,4,0,3,1,1,0,0,0,0,0
1255209,8536937989327,3,4,0,4,2,1,0,0,0,0,0
1255210,8539028596739,1,4,0,2,0,1,0,0,0,0,0
1255211,8498085975932,2,4,0,3,1,1,0,0,0,0,0
1255212,8260285404090,2,4,0,3,1,1,0,0,0,0,0
1255213,8482863746771,2,4,0,3,2,0,0,0,0,0,0
1255214,8499366767289,4,4,0,5,4,0,0,0,0,0,0
1255215,8536831481042,4,4,0,5,3,1,0,0,0,0,0
1255216,8541731393683,4,4,0,5,2,2,0,0,0,0,0
1255217,8490857824691,2,4,0,3,2,0,0,0,0,0,0
1255218,8526665236355,4,4,0,5,4,0,0,0,0,0,0
1255219,8424941521779,5,4,0,6,3,2,0,0,0,0,0
1255220,8172717185521,3,4,0,4,2,1,0,0,0,0,0
1255221,8239101660786,4,4,0,5,3,1,0,0,0,0,0
1255222,8538837717947,1,4,0,2,0,1,0,0,0,0,0
1255223,8526585574639,4,4,0,5,4,0,0,0,0,0,0
1255224,7860608915604,3,4,0,4,1,2,0,0,0,0,0
1255225,8203093003811,2,4,0,3,0,2,0,0,0,0,0
1255226,8207303347481,3,4,0,4,1,2,0,0,0,0,0
1255227,8301217026627,4,4,0,5,0,4,0,0,0,0,0
1255228,8487947127057,4,4,0,5,1,3,0,0,0,0,0
1255229,8495928853662,3,4,0,4,2,1,0,0,0,0,0
1255230,8347823356052,5,4,0,6,3,2,0,0,0,0,0
1255231,8288042329086,5,4,0,6,4,1,0,0,0,0,0
1255232,8536569971610,3,4,0,4,0,3,0,0,0,0,0
1255233,8491672590002,5,4,0,6,5,0,0,0,0,0,0
1255234,8526411123347,4,4,0,5,4,0,0,0,0,0,0
1255235,8484536897046,5,4,0,6,4,1,0,0,0,0,0
1255236,8526379093914,4,4,0,5,4,0,0,0,0,0,0
1255237,8486036280648,5,4,0,6,4,1,0,0,0,0,0
1255238,8495105365527,3,4,0,4,2,1,0,0,0,0,0
1255239,8526330816600,4,4,0,5,4,0,0,0,0,0,0
1255240,8534753779362,4,4,0,5,3,1,0,0,0,0,0
1255241,7909066175350,2,4,0,3,0,2,0,0,0,0,0
1255242,8519058776064,4,4,0,5,1,3,0,0,0,0,0
1255243,8538505806924,1,4,0,2,0,1,0,0,0,0,0
1255244,8542429826844,4,4,0,5,3,1,0,0,0,0,0
1255245,8512353763101,3,4,0,4,3,0,0,0,0,0,0
1255246,8499235434167,3,4,0,4,2,1,0,0,0,0,0
1255247,8267951051308,3,4,0,4,2,1,0,0,0,0,0
1255248,8258051966124,2,4,0,3,0,2,0,0,0,0,0
1255249,8333440118657,4,4,0,5,1,3,0,0,0,0,0
1255250,8537945338856,3,4,0,4,0,3,0,0,0,0,0
1255251,8491753010593,3,4,0,4,2,1,0,0,0,0,0
1255252,8491078738035,3,4,0,4,2,1,0,0,0,0,0
1255253,8479267633486,3,4,0,4,0,3,0,0,0,0,0
1255254,8490224003869,3,4,0,4,2,1,0,0,0,0,0
1255255,8493261698795,3,4,0,4,2,1,0,0,0,0,0
1255256,8485653858163,3,4,0,4,1,2,0,0,0,0,0
1255257,8316137590862,4,4,0,5,3,1,0,0,0,0,0
1255258,8411622893157,4,4,0,5,4,0,0,0,0,0,0
1255259,8536980214313,5,4,0,6,5,0,0,0,0,0,0
1255260,8525994721989,4,4,0,5,4,0,0,0,0,0,0
1255261,8546585416647,5,4,0,6,5,0,0,0,0,0,0
1255262,8530720770927,4,4,0,5,3,1,0,0,0,0,0
1255263,8531852570255,4,4,0,5,1,3,0,0,0,0,0
1255264,8556170882006,4,4,0,5,4,0,0,0,0,0,0
1255265,8538154787473,1,4,0,2,0,1,0,0,0,0,0
1255266,8538138692970,1,4,0,2,0,1,0,0,0,0,0
1255267,8539778086508,3,4,0,4,3,0,0,0,0,0,0
1255268,8525791464759,4,4,0,5,3,1,0,0,0,0,0
1255269,8525775328540,3,4,0,4,2,1,0,0,0,0,0
1255270,8418313769148,5,4,0,6,3,2,0,0,0,0,0
1255271,8539276197695,1,4,0,2,0,1,0,0,0,0,0
1255272,8547363327460,5,4,0,6,5,0,0,0,0,0,0
1255273,8551702348004,5,4,0,6,3,2,0,0,0,0,0
1255274,8481280106244,2,4,0,3,1,1,0,0,0,0,0
1255275,8457856763539,2,4,0,3,1,1,0,0,0,0,0
1255276,8537978232056,1,4,0,2,0,1,0,0,0,0,0
1255277,8495962137890,2,4,0,3,1,1,0,0,0,0,0
1255278,8479093324734,2,4,0,3,2,0,0,0,0,0,0
1255279,8440711018013,3,4,0,4,1,2,0,0,0,0,0
1255280,8479061188605,2,4,0,3,2,0,0,0,0,0,0
1255281,8537897970543,1,4,0,2,0,1,0,0,0,0,0
1255282,8527602328635,4,4,0,5,3,1,0,0,0,0,0
1255283,8539865782548,1,4,0,2,1,0,0,0,0,0,0
1255284,8445228005412,2,4,0,3,0,2,0,0,0,0,0
1255285,8539482222823,3,4,0,4,3,0,0,0,0,0,0
1255286,8463285950761,2,4,0,3,1,1,0,0,0,0,0
1255287,8504547485950,3,4,0,4,2,1,0,0,0,0,0
1255288,8537785716461,1,4,0,2,0,1,0,0,0,0,0
1255289,8458342832995,1,4,0,2,1,0,0,0,0,0,0
1255290,8520046213289,4,4,0,5,2,2,0,0,0,0,0
1255291,8467986939855,3,4,0,4,2,1,0,0,0,0,0
1255292,8540399152397,5,4,0,6,5,0,0,0,0,0,0
1255293,8520495800640,4,4,0,5,4,0,0,0,0,0,0
1255294,8539663555890,5,4,0,6,3,2,0,0,0,0,0
1255295,8475664958528,4,4,0,5,4,0,0,0,0,0,0
1255296,8539657271666,1,4,0,2,1,0,0,0,0,0,0
1255297,8520430946888,4,4,0,5,3,1,0,0,0,0,0
1255298,8449448154862,2,4,0,3,0,2,0,0,0,0,0
1255299,8428148043754,2,4,0,3,0,2,0,0,0,0,0
1255300,8471053781434,2,4,0,3,1,1,0,0,0,0,0
1255301,8540302358292,5,4,0,6,3,2,0,0,0,0,0
1255302,8476224403283,4,4,0,5,4,0,0,0,0,0,0
1255303,8499857113927,3,4,0,4,2,1,0,0,0,0,0
1255304,8480257073858,1,4,0,2,0,1,0,0,0,0,0
1255305,8497648471134,1,4,0,2,1,0,0,0,0,0,0
1255306,8468903409967,2,4,0,3,1,1,0,0,0,0,0
1255307,8466412965562,2,4,0,3,1,1,0,0,0,0,0
1255308,8518536948532,2,4,0,3,0,2,0,0,0,0,0
1255309,8538288394185,5,4,0,6,4,1,0,0,0,0,0
1255310,8535406333791,5,4,0,6,2,3,0,0,0,0,0
1255311,8478962831852,4,4,0,5,3,1,0,0,0,0,0
1255312,8539350501312,5,4,0,6,4,1,0,0,0,0,0
1255313,8539743511652,5,4,0,6,5,0,0,0,0,0,0
1255314,8540116162603,5,4,0,6,5,0,0,0,0,0,0
1255315,8420989800008,2,4,0,3,0,2,0,0,0,0,0
1255316,8481240724000,2,4,0,3,1,1,0,0,0,0,0
1255317,8539235769101,3,4,0,4,2,1,0,0,0,0,0
1255318,8465545344386,2,4,0,3,1,1,0,0,0,0,0
1255319,8466977245333,2,4,0,3,1,1,0,0,0,0,0
1255320,8465987911761,2,4,0,3,1,1,0,0,0,0,0
1255321,8511125730312,3,4,0,4,1,2,0,0,0,0,0
1255322,8539155422950,5,4,0,6,4,1,0,0,0,0,0
1255323,8465967367547,2,4,0,3,1,1,0,0,0,0,0
1255324,8518935534219,4,4,0,5,2,2,0,0,0,0,0
1255325,8498487788707,3,4,0,4,3,0,0,0,0,0,0
1255326,8518613204266,3,4,0,4,1,2,0,0,0,0,0
1255327,8458754870893,4,4,0,5,3,1,0,0,0,0,0
1255328,8220577588730,6,4,0,7,6,0,0,0,0,0,0
1255329,8539433350170,4,4,0,5,3,1,0,0,0,0,0
1255330,8506037657005,3,4,0,4,2,1,0,0,0,0,0
1255331,8457528482399,1,4,0,2,1,0,0,0,0,0,0
1255332,8537665279404,3,4,0,4,1,2,0,0,0,0,0
1255333,8553502061710,5,4,0,6,4,1,0,0,0,0,0
1255334,8471973500858,2,4,0,3,1,1,0,0,0,0,0
1255335,8538856548361,5,4,0,6,5,0,0,0,0,0,0
1255336,8477750908384,2,4,0,3,2,0,0,0,0,0,0
1255337,8536993454165,3,4,0,4,2,1,0,0,0,0,0
1255338,8477606678283,2,4,0,3,2,0,0,0,0,0,0
1255339,8513553877942,3,4,0,4,1,2,0,0,0,0,0
1255340,8457305126823,1,4,0,2,1,0,0,0,0,0,0
1255341,8536936354902,1,4,0,2,0,1,0,0,0,0,0
1255342,8499740854483,3,4,0,4,2,1,0,0,0,0,0
1255343,8457365895937,1,4,0,2,1,0,0,0,0,0,0
1255344,8529839131482,4,4,0,5,2,2,0,0,0,0,0
1255345,8519749340358,4,4,0,5,3,1,0,0,0,0,0
1255346,8524784977066,4,4,0,5,3,1,0,0,0,0,0
1255347,8553326931834,5,4,0,6,5,0,0,0,0,0,0
1255348,8538823710426,1,4,0,2,1,0,0,0,0,0,0
1255349,8529612856262,4,4,0,5,3,1,0,0,0,0,0
1255350,8558838748743,5,4,0,6,4,1,0,0,0,0,0
1255351,8536775437386,1,4,0,2,0,1,0,0,0,0,0
1255352,8538759345514,1,4,0,2,1,0,0,0,0,0,0
1255353,8522798485394,2,4,0,3,1,1,0,0,0,0,0
1255354,8536727161862,1,4,0,2,0,1,0,0,0,0,0
1255355,8538711070082,1,4,0,2,1,0,0,0,0,0,0
1255356,8480565959565,2,4,0,3,2,0,0,0,0,0,0
1255357,8536678886614,1,4,0,2,0,1,0,0,0,0,0
1255358,8192490228376,2,4,0,3,1,1,0,0,0,0,0
1255359,8529576344954,5,4,0,6,1,4,0,0,0,0,0
1255360,8532809484984,2,4,0,3,1,1,0,0,0,0,0
1255361,8542091222525,2,4,0,3,2,0,0,0,0,0,0
1255362,8541611415673,5,4,0,6,5,0,0,0,0,0,0
1255363,8542375753067,5,4,0,6,5,0,0,0,0,0,0
1255364,8538566996196,1,4,0,2,1,0,0,0,0,0,0
1255365,8389180959714,5,4,0,6,2,3,0,0,0,0,0
1255366,8436671276076,2,4,0,3,1,1,0,0,0,0,0
1255367,8529995876335,2,4,0,3,1,1,0,0,0,0,0
1255368,8538503199651,1,4,0,2,1,0,0,0,0,0,0
1255369,8537350094529,3,4,0,4,2,1,0,0,0,0,0
1255370,8391130710072,2,4,0,3,0,2,0,0,0,0,0
1255371,8441841628237,2,4,0,3,1,1,0,0,0,0,0
1255372,8536779090028,5,4,0,6,5,0,0,0,0,0,0
1255373,8539594953417,5,4,0,6,5,0,0,0,0,0,0
1255374,8537385385420,5,4,0,6,3,2,0,0,0,0,0
1255375,8540746636853,5,4,0,6,4,1,0,0,0,0,0
1255376,8292629219610,5,4,0,6,2,3,0,0,0,0,0
1255377,7969752371963,2,4,0,3,1,1,0,0,0,0,0
1255378,8525590037654,2,4,0,3,0,2,0,0,0,0,0
1255379,8539798884758,5,4,0,6,5,0,0,0,0,0,0
1255380,8283354734922,2,4,0,3,2,0,0,0,0,0,0
1255381,8445155983713,4,4,0,5,1,3,0,0,0,0,0
1255382,8468465102594,2,4,0,3,1,1,0,0,0,0,0
1255383,8522624887516,4,4,0,5,3,1,0,0,0,0,0
1255384,8536560920418,3,4,0,4,3,0,0,0,0,0,0
1255385,8537568159460,5,4,0,6,4,1,0,0,0,0,0
1255386,8491467362506,5,4,0,6,2,3,0,0,0,0,0
1255387,8540719930053,5,4,0,6,3,2,0,0,0,0,0
1255388,8573885294008,5,4,0,6,3,2,0,0,0,0,0
1255389,8221932379684,6,4,0,7,6,0,0,0,0,0,0
1255390,8549845904776,5,4,0,6,5,0,0,0,0,0,0
1255391,8468387299547,2,4,0,3,1,1,0,0,0,0,0
1255392,8230873687711,4,4,0,5,3,1,0,0,0,0,0
1255393,8477905623275,4,4,0,5,4,0,0,0,0,0,0
1255394,8536233902697,3,4,0,4,1,2,0,0,0,0,0
1255395,8537747561647,5,4,0,6,5,0,0,0,0,0,0
1255396,8562560822166,5,4,0,6,2,3,0,0,0,0,0
1255397,8493185959519,5,4,0,6,4,1,0,0,0,0,0
1255398,8470360005551,2,4,0,3,1,1,0,0,0,0,0
1255399,8439604702912,5,4,0,6,2,3,0,0,0,0,0
1255400,8283558354379,2,4,0,3,1,1,0,0,0,0,0
1255401,8518159241697,3,4,0,4,2,1,0,0,0,0,0
1255402,8537920393455,5,4,0,6,3,2,0,0,0,0,0
1255403,8540281816597,5,4,0,6,2,3,0,0,0,0,0
1255404,8540184673543,5,4,0,6,4,1,0,0,0,0,0
1255405,8304710065672,2,4,0,3,2,0,0,0,0,0,0
1255406,8537380469514,5,4,0,6,5,0,0,0,0,0,0
1255407,8373479353246,5,4,0,6,2,3,0,0,0,0,0
1255408,8485915417250,4,4,0,5,4,0,0,0,0,0,0
1255409,8306170030213,2,4,0,3,2,0,0,0,0,0,0
1255410,8518543194430,4,4,0,5,1,3,0,0,0,0,0
1255411,8524769194458,2,4,0,3,1,1,0,0,0,0,0
1255412,8469978641845,2,4,0,3,1,1,0,0,0,0,0
1255413,8609967264794,4,4,0,5,3,1,0,0,0,0,0
1255414,8211547573350,2,4,0,3,1,1,0,0,0,0,0
1255415,8535755292467,1,4,0,2,0,1,0,0,0,0,0
1255416,8412970276684,2,4,0,3,0,2,0,0,0,0,0
1255417,8469202820086,2,4,0,3,1,1,0,0,0,0,0
1255418,8470172199961,2,4,0,3,1,1,0,0,0,0,0
1255419,8533082560136,5,4,0,6,0,5,0,0,0,0,0
1255420,8535572993712,3,4,0,4,1,2,0,0,0,0,0
1255421,8537092099619,5,4,0,6,5,0,0,0,0,0,0
1255422,8226202076218,6,4,0,7,6,0,0,0,0,0,0
1255423,8536994681538,5,4,0,6,4,1,0,0,0,0,0
1255424,8652643383908,5,4,0,6,4,1,0,0,0,0,0
1255425,8462522704534,4,4,0,5,2,2,0,0,0,0,0
1255426,8536951813444,5,4,0,6,5,0,0,0,0,0,0
1255427,8247013899361,6,4,0,7,6,0,0,0,0,0,0
1255428,8536939847909,5,4,0,6,5,0,0,0,0,0,0
1255429,8542678222586,5,4,0,6,5,0,0,0,0,0,0
1255430,8523821574382,4,4,0,5,2,2,0,0,0,0,0
1255431,8475998440386,2,4,0,3,2,0,0,0,0,0,0
1255432,8536569254592,2,4,0,3,0,2,0,0,0,0,0
1255433,8537467685571,1,4,0,2,1,0,0,0,0,0,0
1255434,8435451596193,0,4,0,1,0,0,0,0,0,0,0
1255435,8435435506846,0,4,0,1,0,0,0,0,0,0,0
1255436,8536246117067,5,4,0,6,4,1,0,0,0,0,0
1255437,8536598897487,5,4,0,6,5,0,0,0,0,0,0
1255438,8455085506333,4,4,0,5,1,3,0,0,0,0,0
1255439,8236433410425,2,4,0,3,1,1,0,0,0,0,0
1255440,8525584312530,2,4,0,3,0,2,0,0,0,0,0
1255441,8519336513968,4,4,0,5,3,1,0,0,0,0,0
1255442,8493044527487,2,4,0,3,0,2,0,0,0,0,0
1255443,8536339381831,5,4,0,6,4,1,0,0,0,0,0
1255444,8309710116469,2,4,0,3,2,0,0,0,0,0,0
1255445,8254086683215,2,4,0,3,0,2,0,0,0,0,0
1255446,8534744632661,2,4,0,3,0,2,0,0,0,0,0
1255447,8534689404110,3,4,0,4,2,1,0,0,0,0,0
1255448,8534606300627,3,4,0,4,2,1,0,0,0,0,0
1255449,8534590288588,2,4,0,3,0,2,0,0,0,0,0
1255450,8534627199865,3,4,0,4,2,1,0,0,0,0,0
1255451,8536058142705,5,4,0,6,5,0,0,0,0,0,0
1255452,8537056797030,4,4,0,5,3,1,0,0,0,0,0
1255453,8477076425418,2,4,0,3,1,1,0,0,0,0,0
1255454,8241002493397,4,4,0,5,2,2,0,0,0,0,0
1255455,8536055303785,5,4,0,6,5,0,0,0,0,0,0
1255456,8232900343823,6,4,0,7,5,1,0,0,0,0,0
1255457,8314996310321,4,4,0,5,2,2,0,0,0,0,0
1255458,8261669446623,6,4,0,7,6,0,0,0,0,0,0
1255459,8483231482079,2,4,0,3,1,1,0,0,0,0,0
1255460,8435037349891,0,4,0,1,0,0,0,0,0,0,0
1255461,8507163158243,5,4,0,6,3,2,0,0,0,0,0
1255462,8476889518948,2,4,0,3,1,1,0,0,0,0,0
1255463,8475344964013,2,4,0,3,2,0,0,0,0,0,0
1255464,8434973093068,0,4,0,1,0,0,0,0,0,0,0
1255465,8434957004634,0,4,0,1,0,0,0,0,0,0,0
1255466,8455147818842,1,4,0,2,1,0,0,0,0,0,0
1255467,8434924827857,0,4,0,1,0,0,0,0,0,0,0
1255468,7898337072201,3,4,0,4,1,2,0,0,0,0,0
1255469,8436333767500,3,4,0,4,2,1,0,0,0,0,0
1255470,8536109629150,5,4,0,6,4,1,0,0,0,0,0
1255471,8536080746842,5,4,0,6,5,0,0,0,0,0,0
1255472,8555944268029,5,4,0,6,4,1,0,0,0,0,0
1255473,8621523216288,5,4,0,6,5,0,0,0,0,0,0
1255474,8475292904032,2,4,0,3,2,0,0,0,0,0,0
1255475,8515755749176,4,4,0,5,4,0,0,0,0,0,0
1255476,8434781640088,0,4,0,1,0,0,0,0,0,0,0
1255477,8434765552018,0,4,0,1,0,0,0,0,0,0,0
1255478,8434749463980,0,4,0,1,0,0,0,0,0,0,0
1255479,8434733375972,0,4,0,1,0,0,0,0,0,0,0
1255480,8465896895375,1,4,0,2,0,1,0,0,0,0,0
1255481,8480259355187,3,4,0,4,1,2,0,0,0,0,0
1255482,8518912797579,5,4,1,5,4,0,0,0,0,0,0
1255483,8533231142236,4,4,0,5,3,1,0,0,0,0,0
1255484,8497061093696,3,4,0,4,1,2,0,0,0,0,0
1255485,8434636969757,0,4,0,1,0,0,0,0,0,0,0
1255486,8434620881964,0,4,0,1,0,0,0,0,0,0,0
1255487,8454901318384,1,4,0,2,0,1,0,0,0,0,0
1255488,8434588706469,0,4,0,1,0,0,0,0,0,0,0
1255489,8534998989552,5,4,0,6,4,1,0,0,0,0,0
1255490,8223134921301,6,4,0,7,6,0,0,0,0,0,0
1255491,8515763170386,4,4,0,5,3,1,0,0,0,0,0
1255492,8463780641088,4,4,0,5,3,1,0,0,0,0,0
1255493,8490509067565,2,4,0,3,2,0,0,0,0,0,0
1255494,8515720445920,4,4,0,5,4,0,0,0,0,0,0
1255495,8530656570252,5,4,0,6,0,5,0,0,0,0,0
1255496,8530787590218,5,4,0,6,0,5,0,0,0,0,0
1255497,8530803887880,5,4,0,6,0,5,0,0,0,0,0
1255498,8504687750053,5,4,0,6,2,3,0,0,0,0,0
1255499,8531205236078,5,4,0,6,0,5,0,0,0,0,0
1255500,8419813430194,3,4,0,4,2,1,0,0,0,0,0
1255501,8466718981388,3,4,0,4,1,2,0,0,0,0,0
1255502,8535992487238,5,4,0,6,4,1,0,0,0,0,0
1255503,8222900111753,6,4,0,7,6,0,0,0,0,0,0
1255504,8471803326324,3,4,0,4,2,1,0,0,0,0,0
1255505,8225843460888,6,4,0,7,6,0,0,0,0,0,0
1255506,8463769622673,3,4,0,4,1,2,0,0,0,0,0
1255507,8523345276748,2,4,0,3,1,1,0,0,0,0,0
1255508,8523330792758,2,4,0,3,1,1,0,0,0,0,0
1255509,8222765149801,6,4,0,7,6,0,0,0,0,0,0
1255510,8523299292685,2,4,0,3,1,1,0,0,0,0,0
1255511,8474006050089,3,4,0,4,2,1,0,0,0,0,0
1255512,8523281715497,2,4,0,3,1,1,0,0,0,0,0
1255513,8523317691355,3,4,0,4,0,3,0,0,0,0,0
1255514,8523260653761,2,4,0,3,1,1,0,0,0,0,0
1255515,8457515233412,3,4,0,4,0,3,0,0,0,0,0
1255516,8235429228332,3,4,0,4,1,2,0,0,0,0,0
1255517,8475573116433,3,4,0,4,2,1,0,0,0,0,0
1255518,8245928072299,2,4,0,3,0,2,0,0,0,0,0
1255519,8504418587210,1,4,0,2,0,1,0,0,0,0,0
1255520,8502839761467,1,4,0,2,0,1,0,0,0,0,0
1255521,8537350365666,5,4,0,6,4,1,0,0,0,0,0
1255522,8459260735333,3,4,0,4,0,3,0,0,0,0,0
1255523,8523321774070,2,4,0,3,1,1,0,0,0,0,0
1255524,8472963236873,3,4,0,4,2,1,0,0,0,0,0
1255525,8523289736003,2,4,0,3,1,1,0,0,0,0,0
1255526,8524056582838,2,4,0,3,1,1,0,0,0,0,0
1255527,8471665888963,3,4,0,4,2,1,0,0,0,0,0
1255528,8531078590588,5,4,0,6,2,3,0,0,0,0,0
1255529,8523020857753,2,4,0,3,1,1,0,0,0,0,0
1255530,8461434565171,3,4,0,4,1,2,0,0,0,0,0
1255531,8523764212318,2,4,0,3,1,1,0,0,0,0,0
1255532,8533486807597,2,4,0,3,1,1,0,0,0,0,0
1255533,8531621682571,5,4,0,6,3,2,0,0,0,0,0
1255534,8480894886859,2,4,0,3,1,1,0,0,0,0,0
1255535,8466118273315,3,4,0,4,1,2,0,0,0,0,0
1255536,8549606384865,6,4,0,7,6,0,0,0,0,0,0
1255537,8458412994293,3,4,0,4,0,3,0,0,0,0,0
1255538,8530823533540,2,4,0,3,0,2,0,0,0,0,0
1255539,8529228997842,2,4,0,3,0,2,0,0,0,0,0
1255540,8443234604062,3,4,0,4,2,1,0,0,0,0,0
1255541,8524484923106,2,4,0,3,1,1,0,0,0,0,0
1255542,8524468913002,2,4,0,3,1,1,0,0,0,0,0
1255543,8546378411721,5,4,0,6,2,3,0,0,0,0,0
1255544,8460359560235,3,4,0,4,2,1,0,0,0,0,0
1255545,8524420830258,2,4,0,3,1,1,0,0,0,0,0
1255546,8535110744740,4,4,0,5,1,3,0,0,0,0,0
1255547,8524426356276,2,4,0,3,1,1,0,0,0,0,0
1255548,8524410117140,2,4,0,3,1,1,0,0,0,0,0
1255549,8526157944702,2,4,0,3,1,1,0,0,0,0,0
1255550,8531175798223,2,4,0,3,0,2,0,0,0,0,0
1255551,8517789588071,4,4,0,5,0,4,0,0,0,0,0
1255552,8537842285410,5,4,0,6,4,1,0,0,0,0,0
1255553,8526156424060,3,4,0,4,3,0,0,0,0,0,0
1255554,8699175001254,5,4,0,6,5,0,0,0,0,0,0
1255555,8532070478865,2,4,0,3,0,2,0,0,0,0,0
1255556,8536473414258,3,4,0,4,2,1,0,0,0,0,0
1255557,8528357686311,5,4,0,6,3,2,0,0,0,0,0
1255558,8423507644466,3,4,0,4,0,3,0,0,0,0,0
1255559,8449418923999,5,4,0,6,3,2,0,0,0,0,0
1255560,8535640229296,3,4,0,4,1,2,0,0,0,0,0
1255561,8536147375376,5,4,0,6,3,2,0,0,0,0,0
1255562,8527509044287,3,4,0,4,1,2,0,0,0,0,0
1255563,8520449413190,4,4,0,5,1,3,0,0,0,0,0
1255564,8527078808928,3,4,0,4,3,0,0,0,0,0,0
1255565,8538583506190,5,4,0,6,5,0,0,0,0,0,0
1255566,8219615671904,6,4,0,7,6,0,0,0,0,0,0
1255567,8902680480642,5,4,0,6,4,1,0,0,0,0,0
1255568,8224709710299,6,4,0,7,6,0,0,0,0,0,0
1255569,8520156697644,4,4,0,5,3,1,0,0,0,0,0
1255570,8539178793401,5,4,0,6,4,1,0,0,0,0,0
1255571,8537876593147,5,4,0,6,5,0,0,0,0,0,0
1255572,8475398379015,4,4,0,5,4,0,0,0,0,0,0
1255573,8498969133689,5,4,0,6,4,1,0,0,0,0,0
1255574,8532564749755,5,4,0,6,3,2,0,0,0,0,0
1255575,8539694701688,5,4,0,6,5,0,0,0,0,0,0
1255576,8224704238665,6,4,0,7,6,0,0,0,0,0,0
1255577,8572931998144,5,4,0,6,4,1,0,0,0,0,0
1255578,8518932127051,4,4,0,5,2,2,0,0,0,0,0
1255579,8539651010647,5,4,0,6,3,2,0,0,0,0,0
1255580,8540613978649,5,4,0,6,2,3,0,0,0,0,0
1255581,8532523166881,3,4,0,4,3,0,0,0,0,0,0
1255582,8534060293242,4,4,0,5,1,3,0,0,0,0,0
1255583,8518689188484,4,4,0,5,2,2,0,0,0,0,0
1255584,8499021013338,5,4,0,6,3,2,0,0,0,0,0
1255585,8517236430923,4,4,0,5,2,2,0,0,0,0,0
1255586,8285885817720,4,4,0,5,3,1,0,0,0,0,0
1255587,8497894693012,2,4,0,3,1,1,0,0,0,0,0
1255588,8533963365028,5,4,0,6,3,2,0,0,0,0,0
1255589,8634474097704,5,4,0,6,4,1,0,0,0,0,0
1255590,8287447034187,6,4,0,7,6,0,0,0,0,0,0
1255591,8448719098759,5,4,0,6,3,2,0,0,0,0,0
1255592,8203667494436,6,4,0,7,5,1,0,0,0,0,0
1255593,8535436943415,5,4,0,6,4,1,0,0,0,0,0
1255594,8493857583874,4,4,0,5,3,1,0,0,0,0,0
1255595,8561216624661,5,4,0,6,2,3,0,0,0,0,0
1255596,8541925229741,5,4,0,6,0,5,0,0,0,0,0
1255597,8296101529920,6,4,0,7,6,0,0,0,0,0,0
1255598,8620751637852,5,4,0,6,0,5,0,0,0,0,0
1255599,8501847918638,3,4,0,4,2,1,0,0,0,0,0
1255600,8312016472375,6,4,0,7,6,0,0,0,0,0,0
1255601,8558761376351,5,4,0,6,0,5,0,0,0,0,0
1255602,8452768485864,2,4,0,3,0,2,0,0,0,0,0
1255603,8482847290254,4,4,0,5,1,3,0,0,0,0,0
1255604,8531688605220,3,4,0,4,2,1,0,0,0,0,0
1255605,8513134532623,4,4,0,5,1,3,0,0,0,0,0
1255606,8536499784802,5,4,0,6,4,1,0,0,0,0,0
1255607,8516755661275,4,4,0,5,3,1,0,0,0,0,0
1255608,8475535674266,2,4,0,3,1,1,0,0,0,0,0
1255609,8524304118764,4,4,0,5,3,1,0,0,0,0,0
1255610,8286047961602,3,4,0,4,2,1,0,0,0,0,0
1255611,8482233604131,4,4,0,5,3,1,0,0,0,0,0
1255612,8533820302490,5,4,0,6,5,0,0,0,0,0,0
1255613,8533706497358,5,4,0,6,5,0,0,0,0,0,0
1255614,8530538605908,4,4,0,5,1,3,0,0,0,0,0
1255615,8482359546973,2,4,0,3,0,2,0,0,0,0,0
1255616,8493326626833,3,4,0,4,1,2,0,0,0,0,0
1255617,8568527847292,2,4,0,3,0,2,0,0,0,0,0
1255618,8460511763521,1,4,0,2,0,1,0,0,0,0,0
1255619,8454326079744,1,4,0,2,0,1,0,0,0,0,0
1255620,8523993890918,4,4,0,5,3,1,0,0,0,0,0
1255621,8432463512394,0,4,0,1,0,0,0,0,0,0,0
1255622,8452740914101,1,4,0,2,0,1,0,0,0,0,0
1255623,8533403677740,5,4,0,6,3,2,0,0,0,0,0
1255624,8542757999274,5,4,0,6,3,2,0,0,0,0,0
1255625,8532305206149,3,4,0,4,3,0,0,0,0,0,0
1255626,8472838102769,2,4,0,3,0,2,0,0,0,0,0
1255627,8533780238447,5,4,0,6,4,1,0,0,0,0,0
1255628,8534759294643,5,4,0,6,4,1,0,0,0,0,0
1255629,8518219338335,4,4,0,5,3,1,0,0,0,0,0
1255630,8532062162560,4,4,0,5,2,2,0,0,0,0,0
1255631,8480595967038,2,4,0,3,1,1,0,0,0,0,0
1255632,8432286746339,0,4,0,1,0,0,0,0,0,0,0
1255633,8532236644596,4,4,0,5,4,0,0,0,0,0,0
1255634,8533782529778,5,4,0,6,5,0,0,0,0,0,0
1255635,8513537099027,4,4,0,5,2,2,0,0,0,0,0
1255636,8471944903445,3,4,0,4,2,1,0,0,0,0,0
1255637,8253938729447,3,4,0,4,2,1,0,0,0,0,0
1255638,8453984789705,4,4,0,5,1,3,0,0,0,0,0
1255639,8516175047323,3,4,0,4,0,3,0,0,0,0,0
1255640,8206440625456,4,4,0,5,1,3,0,0,0,0,0
1255641,8546621401190,5,4,0,6,4,1,0,0,0,0,0
1255642,8461345828946,5,4,0,6,1,4,0,0,0,0,0
1255643,8492745030021,3,4,0,4,0,3,0,0,0,0,0
1255644,8233042168068,6,4,0,7,6,0,0,0,0,0,0
1255645,8522513383607,3,4,0,4,2,1,0,0,0,0,0
1255646,8513005722605,4,4,0,5,3,1,0,0,0,0,0
1255647,8530434064354,5,4,0,6,4,1,0,0,0,0,0
1255648,8533335009112,5,4,0,6,5,0,0,0,0,0,0
1255649,8512957060946,4,4,0,5,1,3,0,0,0,0,0
1255650,8514497541214,2,4,0,3,1,1,0,0,0,0,0
1255651,8533309970723,5,4,0,6,5,0,0,0,0,0,0
1255652,8527053303999,3,4,0,4,0,3,0,0,0,0,0
1255653,8531776465472,2,4,0,3,0,2,0,0,0,0,0
1255654,8531760305451,3,4,0,4,1,2,0,0,0,0,0
1255655,8649852756313,5,4,0,6,4,1,0,0,0,0,0
1255656,8508177509145,3,4,0,4,0,3,0,0,0,0,0
1255657,8531694548316,3,4,0,4,1,2,0,0,0,0,0
1255658,8531660745168,3,4,0,4,2,1,0,0,0,0,0
1255659,8531644585353,3,4,0,4,1,2,0,0,0,0,0
1255660,8522279904844,3,4,0,4,2,1,0,0,0,0,0
1255661,8520651459184,2,4,0,3,0,2,0,0,0,0,0
1255662,8520635376759,2,4,0,3,1,1,0,0,0,0,0
1255663,8552124979616,5,4,0,6,2,3,0,0,0,0,0
1255664,8453984269528,3,4,0,4,0,3,0,0,0,0,0
1255665,8478042923010,2,4,0,3,1,1,0,0,0,0,0
1255666,8457695300817,3,4,0,4,0,3,0,0,0,0,0
1255667,8643797285319,5,4,0,6,2,3,0,0,0,0,0
1255668,8520556097275,2,4,0,3,0,2,0,0,0,0,0
1255669,8403045608148,4,4,0,5,0,4,0,0,0,0,0
1255670,8531089400867,3,4,0,4,0,3,0,0,0,0,0
1255671,8453243848149,3,4,0,4,1,2,0,0,0,0,0
1255672,8369579219861,3,4,0,4,2,1,0,0,0,0,0
1255673,8611644792995,5,4,0,6,2,3,0,0,0,0,0
1255674,8453420961505,3,4,0,4,0,3,0,0,0,0,0
1255675,8532927283745,3,4,0,4,2,1,0,0,0,0,0
1255676,8529806446659,2,4,0,3,0,2,0,0,0,0,0
1255677,8522331036850,3,4,0,4,1,2,0,0,0,0,0
1255678,8482970682717,4,4,0,5,4,0,0,0,0,0,0
1255679,8532886155953,5,4,0,6,5,0,0,0,0,0,0
1255680,8247484811449,6,4,0,7,6,0,0,0,0,0,0
1255681,8569512066568,5,4,0,6,3,2,0,0,0,0,0
1255682,8493385416607,4,4,0,5,2,2,0,0,0,0,0
1255683,8532778496772,5,4,0,6,5,0,0,0,0,0,0
1255684,8253262204600,6,4,0,7,6,0,0,0,0,0,0
1255685,8532775577478,5,4,0,6,5,0,0,0,0,0,0
1255686,8246650293858,6,4,0,7,6,0,0,0,0,0,0
1255687,8501930879447,2,4,0,3,1,1,0,0,0,0,0
1255688,8463717049675,4,4,0,5,1,3,0,0,0,0,0
1255689,8480353341960,3,4,0,4,2,1,0,0,0,0,0
1255690,8532727338073,5,4,0,6,5,0,0,0,0,0,0
1255691,8553282361895,5,4,0,6,1,4,0,0,0,0,0
1255692,8532666990125,5,4,0,6,4,1,0,0,0,0,0
1255693,8251752536102,4,4,0,5,2,2,0,0,0,0,0
1255694,8535512363545,5,4,0,6,1,4,0,0,0,0,0
1255695,8389523063263,5,4,0,6,2,3,0,0,0,0,0
1255696,8477203738208,4,4,0,5,3,1,0,0,0,0,0
1255697,8533249020957,5,4,0,6,4,1,0,0,0,0,0
1255698,8532535690548,5,4,0,6,5,0,0,0,0,0,0
1255699,8250282499690,6,4,0,7,6,0,0,0,0,0,0
1255700,8141302689235,6,4,0,7,5,1,0,0,0,0,0
1255701,8556524499187,4,4,0,5,0,4,0,0,0,0,0
1255702,8521131513125,5,4,0,6,4,1,0,0,0,0,0
1255703,8511948965707,4,4,0,5,3,1,0,0,0,0,0
1255704,8537169902632,4,4,0,5,1,3,0,0,0,0,0
1255705,8521216653448,3,4,0,4,1,2,0,0,0,0,0
1255706,8290718532427,6,4,0,7,3,3,0,0,0,0,0
1255707,8516477550060,4,4,0,5,3,1,0,0,0,0,0
1255708,8431074014572,0,4,0,1,0,0,0,0,0,0,0
1255709,8535011227844,4,4,0,5,1,3,0,0,0,0,0
1255710,8471343523731,2,4,0,3,2,0,0,0,0,0,0
1255711,8511628998596,4,4,0,5,2,2,0,0,0,0,0
1255712,8472616786494,4,4,0,5,3,1,0,0,0,0,0
1255713,8504395457319,3,4,0,4,1,2,0,0,0,0,0
1255714,8430977659599,0,4,0,1,0,0,0,0,0,0,0
1255715,8471262866175,2,4,0,3,2,0,0,0,0,0,0
1255716,8493044404762,3,4,0,4,2,1,0,0,0,0,0
1255717,8451111523454,1,4,0,2,1,0,0,0,0,0,0
1255718,8543455710416,5,4,0,6,1,4,0,0,0,0,0
1255719,8430897266478,0,4,0,1,0,0,0,0,0,0,0
1255720,8451079293383,1,4,0,2,1,0,0,0,0,0,0
1255721,8471261281801,2,4,0,3,2,0,0,0,0,0,0
1255722,8430849024589,0,4,0,1,0,0,0,0,0,0,0
1255723,8430832944020,0,4,0,1,0,0,0,0,0,0,0
1255724,8496071790101,3,4,0,4,1,2,0,0,0,0,0
1255725,8430800782976,0,4,0,1,0,0,0,0,0,0,0
1255726,8576982578925,3,4,0,4,3,0,0,0,0,0,0
1255727,8471704706776,2,4,0,3,0,2,0,0,0,0,0
1255728,8520921041410,3,4,0,4,1,2,0,0,0,0,0
1255729,8528726397745,2,4,0,3,0,2,0,0,0,0,0
1255730,8528255041004,5,4,0,6,0,5,0,0,0,0,0
1255731,8231345003305,6,4,0,7,6,0,0,0,0,0,0
1255732,8571180683630,3,4,0,4,3,0,0,0,0,0,0
1255733,8471164490462,2,4,0,3,1,1,0,0,0,0,0
1255734,8430656808247,0,4,0,1,0,0,0,0,0,0,0
1255735,8471139111634,2,4,0,3,1,1,0,0,0,0,0
1255736,8450885303719,1,4,0,2,1,0,0,0,0,0,0
1255737,8499183003043,3,4,0,4,1,2,0,0,0,0,0
1255738,8263495355730,5,4,0,6,3,2,0,0,0,0,0
1255739,8524967612129,5,4,0,6,4,1,0,0,0,0,0
1255740,8530975314148,5,4,0,6,2,3,0,0,0,0,0
1255741,8251953693998,3,4,0,4,1,2,0,0,0,0,0
1255742,8485464595468,5,4,0,6,3,2,0,0,0,0,0
1255743,8531755504703,5,4,0,6,5,0,0,0,0,0,0
1255744,8531694614035,5,4,0,6,5,0,0,0,0,0,0
1255745,8620503706844,5,4,0,6,3,2,0,0,0,0,0
1255746,8489194308987,5,4,0,6,1,4,0,0,0,0,0
1255747,8519183400748,4,4,0,5,2,2,0,0,0,0,0
1255748,8516054331168,3,4,0,4,0,3,0,0,0,0,0
1255749,8452857198548,3,4,0,4,1,2,0,0,0,0,0
1255750,8007446616686,6,4,0,7,5,1,0,0,0,0,0
1255751,8472445411701,2,4,0,3,0,2,0,0,0,0,0
1255752,8530370101390,1,4,0,2,0,1,0,0,0,0,0
1255753,8470829138599,2,4,0,3,2,0,0,0,0,0,0
1255754,8470812981781,2,4,0,3,2,0,0,0,0,0,0
1255755,8180352208999,4,4,0,5,3,1,0,0,0,0,0
1255756,8511298178045,4,4,0,5,2,2,0,0,0,0,0
1255757,8496793970845,3,4,0,4,3,0,0,0,0,0,0
1255758,8450534149382,1,4,0,2,1,0,0,0,0,0,0
1255759,8512976859926,4,4,0,5,2,2,0,0,0,0,0
1255760,8630242176504,2,4,0,3,0,2,0,0,0,0,0
1255761,8531672464112,5,4,0,6,2,3,0,0,0,0,0
1255762,8470904878550,2,4,0,3,2,0,0,0,0,0,0
1255763,8294258638208,6,4,0,7,4,2,0,0,0,0,0
1255764,8597342102802,5,4,0,6,2,3,0,0,0,0,0
1255765,8532905267859,5,4,0,6,4,1,0,0,0,0,0
1255766,8439219779287,3,4,0,4,2,1,0,0,0,0,0
1255767,8599073877944,5,4,0,6,3,2,0,0,0,0,0
1255768,8528934026329,5,4,0,6,0,5,0,0,0,0,0
1255769,8093342538146,5,4,0,6,3,2,0,0,0,0,0
1255770,8595725826403,5,4,0,6,2,3,0,0,0,0,0
1255771,8470067205172,4,4,0,5,0,4,0,0,0,0,0
1255772,8501092487749,4,4,0,5,2,2,0,0,0,0,0
1255773,8251319629105,4,4,0,5,4,0,0,0,0,0,0
1255774,8471116581180,2,4,0,3,2,0,0,0,0,0,0
1255775,8534300404501,5,4,0,6,4,1,0,0,0,0,0
1255776,8595262657343,4,4,0,5,2,2,0,0,0,0,0
1255777,8472772865724,2,4,0,3,2,0,0,0,0,0,0
1255778,8473791074344,2,4,0,3,2,0,0,0,0,0,0
1255779,8499774911864,3,4,0,4,3,0,0,0,0,0,0
1255780,8552469696171,5,4,0,6,3,2,0,0,0,0,0
1255781,8539190380960,3,4,0,4,1,2,0,0,0,0,0
1255782,8479872992501,3,4,0,4,2,1,0,0,0,0,0
1255783,8451792720388,1,4,0,2,1,0,0,0,0,0,0
1255784,8481776558413,2,4,0,3,1,1,0,0,0,0,0
1255785,8223743133414,6,4,0,7,6,0,0,0,0,0,0
1255786,8517497910258,4,4,0,5,3,1,0,0,0,0,0
1255787,8517481666109,4,4,0,5,2,2,0,0,0,0,0
1255788,8507926408425,5,4,0,6,0,5,0,0,0,0,0
1255789,8515763305625,2,4,0,3,0,2,0,0,0,0,0
1255790,8531919763530,5,4,0,6,5,0,0,0,0,0,0
1255791,8529676957913,5,4,0,6,5,0,0,0,0,0,0
1255792,8539389609750,4,4,0,5,3,1,0,0,0,0,0
1255793,8517384788641,4,4,0,5,3,1,0,0,0,0,0
1255794,8513627634138,2,4,0,3,1,1,0,0,0,0,0
1255795,8513053674283,2,4,0,3,1,1,0,0,0,0,0
1255796,8499577388719,5,4,0,6,5,0,0,0,0,0,0
1255797,8516401986857,4,4,0,5,3,1,0,0,0,0,0
1255798,8494197379610,5,4,0,6,4,1,0,0,0,0,0
1255799,8504467821013,5,4,0,6,5,0,0,0,0,0,0
1255800,8517271553289,4,4,0,5,4,0,0,0,0,0,0
1255801,8476342986171,5,4,0,6,4,1,0,0,0,0,0
1255802,8517238474643,4,4,0,5,4,0,0,0,0,0,0
1255803,8249476007474,2,4,0,3,0,2,0,0,0,0,0
1255804,8484450855905,3,4,0,4,2,1,0,0,0,0,0
1255805,8484479607981,3,4,0,4,2,1,0,0,0,0,0
1255806,8502651486107,3,4,0,4,2,1,0,0,0,0,0
1255807,8505414500254,5,4,0,6,5,0,0,0,0,0,0
1255808,8517142784087,4,4,0,5,4,0,0,0,0,0,0
1255809,8532968049363,5,4,0,6,5,0,0,0,0,0,0
1255810,8117939651482,3,4,0,4,1,2,0,0,0,0,0
1255811,8517094158141,4,4,0,5,3,1,0,0,0,0,0
1255812,8537600286564,5,4,0,6,5,0,0,0,0,0,0
1255813,8495981091761,5,4,0,6,3,2,0,0,0,0,0
1255814,8537961083596,5,4,0,6,5,0,0,0,0,0,0
1255815,8636476934223,5,4,0,6,2,3,0,0,0,0,0
1255816,8511684418870,5,4,0,6,1,4,0,0,0,0,0
1255817,8511414125780,4,4,0,5,1,3,0,0,0,0,0
1255818,8529495428219,4,4,0,5,4,0,0,0,0,0,0
1255819,8511052221731,4,4,0,5,2,2,0,0,0,0,0
1255820,8562800879488,5,4,0,6,5,0,0,0,0,0,0
1255821,8531150577181,5,4,0,6,5,0,0,0,0,0,0
1255822,8531393082782,5,4,0,6,5,0,0,0,0,0,0
1255823,8530170896225,3,4,0,4,1,2,0,0,0,0,0
1255824,8520135273833,5,4,0,6,3,2,0,0,0,0,0
1255825,8213316831203,6,4,0,7,6,0,0,0,0,0,0
1255826,8536577220812,5,4,0,6,1,4,0,0,0,0,0
1255827,8531505554570,5,4,0,6,5,0,0,0,0,0,0
1255828,8180541612429,5,4,0,6,0,5,0,0,0,0,0
1255829,8529077079678,3,4,0,4,2,1,0,0,0,0,0
1255830,8527641685994,2,4,0,3,0,2,0,0,0,0,0
1255831,8461241739514,4,4,0,5,3,1,0,0,0,0,0
1255832,8530574771196,5,4,0,6,5,0,0,0,0,0,0
1255833,8530381847460,5,4,0,6,4,1,0,0,0,0,0
1255834,8456931406813,5,4,0,6,5,0,0,0,0,0,0
1255835,8530365077792,5,4,0,6,4,1,0,0,0,0,0
1255836,8527363635822,5,4,0,6,3,2,0,0,0,0,0
1255837,8530484643960,5,4,0,6,5,0,0,0,0,0,0
1255838,8708201111306,5,4,0,6,2,3,0,0,0,0,0
1255839,8527289299261,2,4,0,3,0,2,0,0,0,0,0
1255840,8529010205009,5,4,0,6,1,4,0,0,0,0,0
1255841,8235483540851,6,4,0,7,6,0,0,0,0,0,0
1255842,8460499121328,4,4,0,5,3,1,0,0,0,0,0
1255843,8224294488235,6,4,0,7,6,0,0,0,0,0,0
1255844,8531320457392,5,4,0,6,4,1,0,0,0,0,0
1255845,8525877670496,5,4,0,6,1,4,0,0,0,0,0
1255846,8423156713635,3,4,0,4,1,2,0,0,0,0,0
1255847,8528609741960,3,4,0,4,1,2,0,0,0,0,0
1255848,8528603123737,3,4,0,4,3,0,0,0,0,0,0
1255849,8541722894509,5,4,0,6,3,2,0,0,0,0,0
1255850,8528600754592,5,4,0,6,3,2,0,0,0,0,0
1255851,8216253241958,6,4,0,7,6,0,0,0,0,0,0
1255852,8509827767743,4,4,0,5,0,4,0,0,0,0,0
1255853,8529807634292,5,4,0,6,4,1,0,0,0,0,0
1255854,8530061807689,5,4,0,6,5,0,0,0,0,0,0
1255855,8537742562090,5,4,0,6,4,1,0,0,0,0,0
1255856,8578972219967,3,4,0,4,2,1,0,0,0,0,0
1255857,8469219609470,2,4,0,3,2,0,0,0,0,0,0
1255858,8448940302014,1,4,0,2,1,0,0,0,0,0,0
1255859,8198727349675,5,4,0,6,3,2,0,0,0,0,0
1255860,8217308220573,6,4,0,7,6,0,0,0,0,0,0
1255861,8499158841739,3,4,0,4,3,0,0,0,0,0,0
1255862,8448878090389,1,4,0,2,1,0,0,0,0,0,0
1255863,8489391025581,3,4,0,4,3,0,0,0,0,0,0
1255864,8529903806208,5,4,0,6,5,0,0,0,0,0,0
1255865,8509626640922,4,4,0,5,4,0,0,0,0,0,0
1255866,8489342449011,3,4,0,4,3,0,0,0,0,0,0
1255867,8529872177921,5,4,0,6,5,0,0,0,0,0,0
1255868,8514265404066,4,4,0,5,0,4,0,0,0,0,0
1255869,8489304180689,3,4,0,4,2,1,0,0,0,0,0
1255870,8278738522611,4,4,0,5,3,1,0,0,0,0,0
1255871,8469004763576,2,4,0,3,2,0,0,0,0,0,0
1255872,8428453306504,0,4,0,1,0,0,0,0,0,0,0
1255873,8427479842964,3,4,0,4,0,3,0,0,0,0,0
1255874,8457554863179,5,4,0,6,4,1,0,0,0,0,0
1255875,8550677022322,2,4,0,3,2,0,0,0,0,0,0
1255876,8448656845993,1,4,0,2,1,0,0,0,0,0,0
1255877,8428373309318,0,4,0,1,0,0,0,0,0,0,0
1255878,8428357233472,0,4,0,1,0,0,0,0,0,0,0
1255879,8489155417240,3,4,0,4,1,2,0,0,0,0,0
1255880,8448598325563,1,4,0,2,1,0,0,0,0,0,0
1255881,8509401826185,4,4,0,5,2,2,0,0,0,0,0
1255882,8532272811999,4,4,0,5,2,2,0,0,0,0,0
1255883,8512519482664,4,4,0,5,2,2,0,0,0,0,0
1255884,8509386986538,4,4,0,5,2,2,0,0,0,0,0
1255885,8528998083572,5,4,0,6,3,2,0,0,0,0,0
1255886,8607798019787,3,4,0,4,1,2,0,0,0,0,0
1255887,8538178270441,4,4,0,5,1,3,0,0,0,0,0
1255888,8701627375289,6,4,0,7,6,0,0,0,0,0,0
1255889,8529586651459,5,4,0,6,5,0,0,0,0,0,0
1255890,8568729430819,3,4,0,4,3,0,0,0,0,0,0
1255891,8506157491650,1,4,0,2,1,0,0,0,0,0,0
1255892,8527896773750,4,4,0,5,3,1,0,0,0,0,0
1255893,8213370773974,6,4,0,7,6,0,0,0,0,0,0
1255894,8468665616327,2,4,0,3,2,0,0,0,0,0,0
1255895,8448367263386,1,4,0,2,1,0,0,0,0,0,0
1255896,8518558106807,3,4,0,4,2,1,0,0,0,0,0
1255897,8529449235248,5,4,0,6,5,0,0,0,0,0,0
1255898,8436126786680,3,4,0,4,0,3,0,0,0,0,0
1255899,8414326632841,5,4,0,6,1,4,0,0,0,0,0
1255900,8513813675990,4,4,0,5,2,2,0,0,0,0,0
1255901,8516909548810,4,4,0,5,3,1,0,0,0,0,0
1255902,8515339057193,4,4,0,5,3,1,0,0,0,0,0
1255903,8529361682886,5,4,0,6,5,0,0,0,0,0,0
1255904,8211858773014,6,4,0,7,6,0,0,0,0,0,0
1255905,8529329415069,5,4,0,6,5,0,0,0,0,0,0
1255906,8528590154588,5,4,0,6,3,2,0,0,0,0,0
1255907,8527847051698,4,4,0,5,2,2,0,0,0,0,0
1255908,8527734086877,4,4,0,5,4,0,0,0,0,0,0
1255909,8218369624218,4,4,0,5,0,4,0,0,0,0,0
1255910,8472018625727,3,4,0,4,0,3,0,0,0,0,0
1255911,8529259942182,5,4,0,6,5,0,0,0,0,0,0
1255912,8528234515746,5,4,0,6,3,2,0,0,0,0,0
1255913,8512528498069,5,4,0,6,1,4,0,0,0,0,0
1255914,8463837424265,3,4,0,4,2,1,0,0,0,0,0
1255915,8508890596654,4,4,0,5,4,0,0,0,0,0,0
1255916,8529925212072,4,4,0,5,0,4,0,0,0,0,0
1255917,8530142633407,4,4,0,5,2,2,0,0,0,0,0
1255918,8114551833272,2,4,0,3,0,2,0,0,0,0,0
1255919,7862476379929,2,4,0,3,0,2,0,0,0,0,0
1255920,8529049576970,4,4,0,5,3,1,0,0,0,0,0
1255921,8391241706386,2,4,0,3,0,2,0,0,0,0,0
1255922,8221744972819,6,4,0,7,6,0,0,0,0,0,0
1255923,8534095610369,4,4,0,5,3,1,0,0,0,0,0
1255924,8613625140013,4,4,0,5,4,0,0,0,0,0,0
1255925,8447890594069,1,4,0,2,1,0,0,0,0,0,0
1255926,8469723915158,2,4,0,3,1,1,0,0,0,0,0
1255927,8508957573347,4,4,0,5,3,1,0,0,0,0,0
1255928,8529381729445,5,4,0,6,4,1,0,0,0,0,0
1255929,8452653308811,1,4,0,2,0,1,0,0,0,0,0
1255930,8468343850115,2,4,0,3,1,1,0,0,0,0,0
1255931,8468356862496,2,4,0,3,2,0,0,0,0,0,0
1255932,8528453178057,3,4,0,4,1,2,0,0,0,0,0
1255933,8511639074165,4,4,0,5,2,2,0,0,0,0,0
1255934,8584538817643,5,4,0,6,4,1,0,0,0,0,0
1255935,8427448390166,0,4,0,1,0,0,0,0,0,0,0
1255936,8427432316084,0,4,0,1,0,0,0,0,0,0,0
1255937,8448887056501,1,4,0,2,1,0,0,0,0,0,0
1255938,8501222732459,3,4,0,4,2,1,0,0,0,0,0
1255939,8427384094021,0,4,0,1,0,0,0,0,0,0,0
1255940,8515012814597,4,4,0,5,3,1,0,0,0,0,0
1255941,8216471949959,4,4,0,5,3,1,0,0,0,0,0
1255942,8471158793904,2,4,0,3,2,0,0,0,0,0,0
1255943,8494739140286,3,4,0,4,0,3,0,0,0,0,0
1255944,8427304374288,0,4,0,1,0,0,0,0,0,0,0
1255945,8476166749416,2,4,0,3,0,2,0,0,0,0,0
1255946,8427272226703,0,4,0,1,0,0,0,0,0,0,0
1255947,8203598305289,3,4,0,4,1,2,0,0,0,0,0
1255948,8500767479286,3,4,0,4,2,1,0,0,0,0,0
1255949,8513182701764,2,4,0,3,1,1,0,0,0,0,0
1255950,8616348728770,4,4,0,5,2,2,0,0,0,0,0
1255951,8514835552930,4,4,0,5,0,4,0,0,0,0,0
1255952,8467088010816,3,4,0,4,0,3,0,0,0,0,0
1255953,8480089584857,5,4,0,6,4,1,0,0,0,0,0
1255954,8467986541676,3,4,0,4,0,3,0,0,0,0,0
1255955,8483130230119,5,4,0,6,5,0,0,0,0,0,0
1255956,8467979928137,3,4,0,4,0,3,0,0,0,0,0
1255957,8513054471553,2,4,0,3,0,2,0,0,0,0,0
1255958,8254248970072,2,4,0,3,0,2,0,0,0,0,0
1255959,8513022713211,2,4,0,3,0,2,0,0,0,0,0
1255960,8513006723098,2,4,0,3,1,1,0,0,0,0,0
1255961,8242643522258,3,4,0,4,2,1,0,0,0,0,0
1255962,8447635448692,5,4,0,6,4,1,0,0,0,0,0
1255963,8503692981682,5,4,0,6,4,1,0,0,0,0,0
1255964,8521768910649,5,4,0,6,3,2,0,0,0,0,0
1255965,8527626607905,5,4,0,6,5,0,0,0,0,0,0
1255966,8528183727245,5,4,0,6,3,2,0,0,0,0,0
1255967,8514579277201,4,4,0,5,4,0,0,0,0,0,0
1255968,8514563370000,4,4,0,5,4,0,0,0,0,0,0
1255969,8499526747310,5,4,0,6,3,2,0,0,0,0,0
1255970,8514530177768,4,4,0,5,4,0,0,0,0,0,0
1255971,8414975500744,3,4,0,4,0,3,0,0,0,0,0
1255972,8470366651432,5,4,0,6,3,2,0,0,0,0,0
1255973,8438538049593,3,4,0,4,1,2,0,0,0,0,0
1255974,8546659524231,5,4,0,6,2,3,0,0,0,0,0
1255975,8069743307787,4,4,0,5,0,4,0,0,0,0,0
1255976,8468449285438,2,4,0,3,2,0,0,0,0,0,0
1255977,8487992857955,3,4,0,4,2,1,0,0,0,0,0
1255978,8488558867002,3,4,0,4,3,0,0,0,0,0,0
1255979,8447796956264,1,4,0,2,1,0,0,0,0,0,0
1255980,8531704260072,4,4,0,5,1,3,0,0,0,0,0
1255981,8514352091647,4,4,0,5,2,2,0,0,0,0,0
1255982,8529479589665,5,4,0,6,0,5,0,0,0,0,0
1255983,8535528835271,5,4,0,6,4,1,0,0,0,0,0
1255984,8472765669892,2,4,0,3,0,2,0,0,0,0,0
1255985,8532392402349,2,4,0,3,1,1,0,0,0,0,0
1255986,8555997963174,5,4,0,6,4,1,0,0,0,0,0
1255987,8215352734386,6,4,0,7,6,0,0,0,0,0,0
1255988,8535667496670,5,4,0,6,5,0,0,0,0,0,0
1255989,8528609959301,5,4,0,6,5,0,0,0,0,0,0
1255990,8544185255571,5,4,0,6,5,0,0,0,0,0,0
1255991,8528813874793,5,4,0,6,5,0,0,0,0,0,0
1255992,8527703497694,5,4,0,6,4,1,0,0,0,0,0
1255993,8534497854392,5,4,0,6,5,0,0,0,0,0,0
1255994,8507730480268,4,4,0,5,1,3,0,0,0,0,0
1255995,8515408164792,4,4,0,5,2,2,0,0,0,0,0
1255996,8493184660111,3,4,0,4,3,0,0,0,0,0,0
1255997,8426457755466,0,4,0,1,0,0,0,0,0,0,0
1255998,8426441683273,0,4,0,1,0,0,0,0,0,0,0
1255999,8454425611111,1,4,0,2,0,1,0,0,0,0,0
1256000,8524652011928,4,4,0,5,4,0,0,0,0,0,0
1256001,8448212672924,1,4,0,2,1,0,0,0,0,0,0
1256002,8470194640827,2,4,0,3,2,0,0,0,0,0,0
1256003,8535581254797,5,4,0,6,4,1,0,0,0,0,0
1256004,8523960765897,4,4,0,5,2,2,0,0,0,0,0
1256005,8520704283181,1,4,0,2,0,1,0,0,0,0,0
1256006,8512261946424,2,4,0,3,1,1,0,0,0,0,0
1256007,8452297072516,1,4,0,2,1,0,0,0,0,0,0
1256008,8448189373012,1,4,0,2,1,0,0,0,0,0,0
1256009,8426264928775,0,4,0,1,0,0,0,0,0,0,0
1256010,8537812473222,4,4,0,5,3,1,0,0,0,0,0
1256011,8456232789103,3,4,0,4,0,3,0,0,0,0,0
1256012,8308358264998,3,4,0,4,0,3,0,0,0,0,0
1256013,8041578267340,2,4,0,3,0,2,0,0,0,0,0
1256014,8349345424386,4,4,0,5,2,2,0,0,0,0,0
1256015,8522796436889,4,4,0,5,4,0,0,0,0,0,0
1256016,8533078049072,5,4,0,6,4,1,0,0,0,0,0
1256017,8532939373340,5,4,0,6,4,1,0,0,0,0,0
1256018,8500810796049,5,4,0,6,3,2,0,0,0,0,0
1256019,8527220199081,4,4,0,5,0,4,0,0,0,0,0
1256020,8507179636507,5,4,0,6,2,3,0,0,0,0,0
1256021,8582074015733,3,4,0,4,2,1,0,0,0,0,0
1256022,8524716233740,3,4,0,4,3,0,0,0,0,0,0
1256023,8523784265365,3,4,0,4,3,0,0,0,0,0,0
1256024,8489971754885,5,4,0,6,5,0,0,0,0,0,0
1256025,8582980340160,5,4,0,6,4,1,0,0,0,0,0
1256026,8527369135615,5,4,0,6,2,3,0,0,0,0,0
1256027,8534391210300,5,4,0,6,5,0,0,0,0,0,0
1256028,8452338152581,4,4,0,5,3,1,0,0,0,0,0
1256029,8617414165883,5,4,0,6,2,3,0,0,0,0,0
1256030,8508603019143,4,4,0,5,4,0,0,0,0,0,0
1256031,8533242108686,5,4,0,6,5,0,0,0,0,0,0
1256032,8470867387895,4,4,0,5,4,0,0,0,0,0,0
1256033,8510632606105,4,4,0,5,4,0,0,0,0,0,0
1256034,8525865623805,1,4,0,2,0,1,0,0,0,0,0
1256035,8466669921682,2,4,0,3,1,1,0,0,0,0,0
1256036,8446243646718,1,4,0,2,1,0,0,0,0,0,0
1256037,8617047672163,5,4,0,6,5,0,0,0,0,0,0
1256038,8523108112080,5,4,0,6,1,4,0,0,0,0,0
1256039,8463955387938,4,4,0,5,4,0,0,0,0,0,0
1256040,8531234178319,5,4,0,6,4,1,0,0,0,0,0
1256041,8465003155154,1,4,0,2,1,0,0,0,0,0,0
1256042,8507112699852,4,4,0,5,3,1,0,0,0,0,0
1256043,8492408809238,3,4,0,4,3,0,0,0,0,0,0
1256044,8517083890845,4,4,0,5,2,2,0,0,0,0,0
1256045,8527968046368,5,4,0,6,5,0,0,0,0,0,0
1256046,8526432404593,3,4,0,4,1,2,0,0,0,0,0
1256047,8527963307206,5,4,0,6,5,0,0,0,0,0,0
1256048,8472872909530,2,4,0,3,1,1,0,0,0,0,0
1256049,8516683056269,3,4,0,4,3,0,0,0,0,0,0
1256050,8485608679033,2,4,0,3,1,1,0,0,0,0,0
1256051,8508462491875,4,4,0,5,1,3,0,0,0,0,0
1256052,8527869623585,5,4,0,6,5,0,0,0,0,0,0
1256053,8527689209027,5,4,0,6,4,1,0,0,0,0,0
1256054,8465520435193,3,4,0,4,2,1,0,0,0,0,0
1256055,8527854565664,5,4,0,6,5,0,0,0,0,0,0
1256056,8527847215993,5,4,0,6,5,0,0,0,0,0,0
1256057,8627472148444,4,4,0,5,1,3,0,0,0,0,0
1256058,8527642816420,5,4,0,6,4,1,0,0,0,0,0
1256059,8215860390155,5,4,0,6,4,1,0,0,0,0,0
1256060,8524529201650,5,4,0,6,4,1,0,0,0,0,0
1256061,8457390424052,5,4,0,6,3,2,0,0,0,0,0
1256062,8522007865492,5,4,0,6,0,5,0,0,0,0,0
1256063,8468429583314,3,4,0,4,3,0,0,0,0,0,0
1256064,8465384803692,4,4,0,5,0,4,0,0,0,0,0
1256065,8515939426638,3,4,0,4,2,1,0,0,0,0,0
1256066,8531584721827,5,4,0,6,1,4,0,0,0,0,0
1256067,8209762539774,6,4,0,7,6,0,0,0,0,0,0
1256068,8526411597903,5,4,0,6,3,2,0,0,0,0,0
1256069,8527020013079,5,4,0,6,5,0,0,0,0,0,0
1256070,8389817732438,5,4,0,6,3,2,0,0,0,0,0
1256071,8495518679451,3,4,0,4,0,3,0,0,0,0,0
1256072,8525014557182,3,4,0,4,3,0,0,0,0,0,0
1256073,8468680708790,4,4,0,5,4,0,0,0,0,0,0
1256074,8506268861113,4,4,0,5,3,1,0,0,0,0,0
1256075,8520951127303,4,4,0,5,2,2,0,0,0,0,0
1256076,8523266437824,4,4,0,5,1,3,0,0,0,0,0
1256077,8535814600786,5,4,0,6,3,2,0,0,0,0,0
1256078,8491688584467,3,4,0,4,3,0,0,0,0,0,0
1256079,8526088668410,5,4,0,6,5,0,0,0,0,0,0
1256080,8507769706642,4,4,0,5,3,1,0,0,0,0,0
1256081,8537567748297,5,4,0,6,4,1,0,0,0,0,0
1256082,8450678516882,3,4,0,4,0,3,0,0,0,0,0
1256083,8529726702391,5,4,0,6,2,3,0,0,0,0,0
1256084,8344691358146,4,4,0,5,2,2,0,0,0,0,0
1256085,8213482439224,6,4,0,7,6,0,0,0,0,0,0
1256086,8526390453283,5,4,0,6,5,0,0,0,0,0,0
1256087,8449558207751,4,4,0,5,2,2,0,0,0,0,0
1256088,8445257879755,1,4,0,2,1,0,0,0,0,0,0
1256089,8524657799581,3,4,0,4,1,2,0,0,0,0,0
1256090,8527328941093,5,4,0,6,3,2,0,0,0,0,0
1256091,8527361015830,5,4,0,6,4,1,0,0,0,0,0
1256092,8488820116129,3,4,0,4,2,1,0,0,0,0,0
1256093,8524318674961,5,4,0,6,4,1,0,0,0,0,0
1256094,8515140351475,3,4,0,4,2,1,0,0,0,0,0
1256095,8522933593750,4,4,0,5,0,4,0,0,0,0,0
1256096,8465360577954,2,4,0,3,2,0,0,0,0,0,0
1256097,8524518255232,3,4,0,4,2,1,0,0,0,0,0
1256098,8445084647296,1,4,0,2,1,0,0,0,0,0,0
1256099,8445068539577,1,4,0,2,1,0,0,0,0,0,0
1256100,8487096750201,3,4,0,4,2,1,0,0,0,0,0
1256101,8490717426646,4,4,0,5,0,4,0,0,0,0,0
1256102,8220139268813,6,4,0,7,6,0,0,0,0,0,0
1256103,8515078277036,3,4,0,4,3,0,0,0,0,0,0
1256104,8524405153839,3,4,0,4,2,1,0,0,0,0,0
1256105,8378801278678,5,4,0,6,2,3,0,0,0,0,0
1256106,8519741134909,4,4,0,5,1,3,0,0,0,0,0
1256107,8203904848428,3,4,0,4,3,0,0,0,0,0,0
1256108,8524372795811,3,4,0,4,2,1,0,0,0,0,0
1256109,8452863845467,4,4,0,5,3,1,0,0,0,0,0
1256110,8533212452848,5,4,0,6,2,3,0,0,0,0,0
1256111,8230995576829,6,4,0,7,6,0,0,0,0,0,0
1256112,8414251776884,5,4,0,6,4,1,0,0,0,0,0
1256113,8531785040953,5,4,0,6,2,3,0,0,0,0,0
1256114,8208391654538,6,4,0,7,5,1,0,0,0,0,0
1256115,8235015075665,6,4,0,7,6,0,0,0,0,0,0
1256116,8525724643838,5,4,0,6,4,1,0,0,0,0,0
1256117,8221522032856,6,4,0,7,6,0,0,0,0,0,0
1256118,8237829876434,6,4,0,7,6,0,0,0,0,0,0
1256119,8524235768129,5,4,0,6,4,1,0,0,0,0,0
1256120,8506937342947,4,4,0,5,2,2,0,0,0,0,0
1256121,8228372941153,6,4,0,7,6,0,0,0,0,0,0
1256122,8524075694828,3,4,0,4,2,1,0,0,0,0,0
1256123,8236796463517,6,4,0,7,6,0,0,0,0,0,0
1256124,8532562659896,5,4,0,6,3,2,0,0,0,0,0
1256125,8454413672296,1,4,0,2,1,0,0,0,0,0,0
1256126,8452397604002,1,4,0,2,0,1,0,0,0,0,0
1256127,8464785699278,2,4,0,3,2,0,0,0,0,0,0
1256128,8424365467506,0,4,0,1,0,0,0,0,0,0,0
1256129,8474551404010,2,4,0,3,1,1,0,0,0,0,0
1256130,8525413083282,5,4,0,6,5,0,0,0,0,0,0
1256131,8463205382492,1,4,0,2,1,0,0,0,0,0,0
1256132,8424301194882,0,4,0,1,0,0,0,0,0,0,0
1256133,8451065564879,4,4,0,5,2,2,0,0,0,0,0
1256134,8307508595760,6,4,0,7,6,0,0,0,0,0,0
1256135,8522245347132,4,4,0,5,2,2,0,0,0,0,0
1256136,8533043184447,5,4,0,6,5,0,0,0,0,0,0
1256137,8444437303148,1,4,0,2,1,0,0,0,0,0,0
1256138,8532595472888,4,4,0,5,1,3,0,0,0,0,0
1256139,8494593348492,3,4,0,4,3,0,0,0,0,0,0
1256140,8502468579407,5,4,0,6,2,3,0,0,0,0,0
1256141,8445913286499,1,4,0,2,0,1,0,0,0,0,0
1256142,8444332907051,1,4,0,2,1,0,0,0,0,0,0
1256143,8467636787241,2,4,0,3,1,1,0,0,0,0,0
1256144,8494074397815,3,4,0,4,0,3,0,0,0,0,0
1256145,8522120259973,2,4,0,3,1,1,0,0,0,0,0
1256146,8520611915075,2,4,0,3,0,2,0,0,0,0,0
1256147,8531611744144,5,4,0,6,1,4,0,0,0,0,0
1256148,8510589529395,4,4,0,5,2,2,0,0,0,0,0
1256149,8452207633247,5,4,0,6,4,1,0,0,0,0,0
1256150,8220570328135,6,4,0,7,6,0,0,0,0,0,0
1256151,8237477008082,6,4,0,7,6,0,0,0,0,0,0
1256152,8504534876707,5,4,0,6,1,4,0,0,0,0,0
1256153,8523641590444,3,4,0,4,3,0,0,0,0,0,0
1256154,8525182873755,5,4,0,6,5,0,0,0,0,0,0
1256155,8527440437979,5,4,0,6,3,2,0,0,0,0,0
1256156,8466373206305,5,4,0,6,0,5,0,0,0,0,0
1256157,8554347914638,5,4,0,6,3,2,0,0,0,0,0
1256158,8435550204786,5,4,0,6,2,3,0,0,0,0,0
1256159,8525101740032,5,4,0,6,5,0,0,0,0,0,0
1256160,8552831250682,5,4,0,6,4,1,0,0,0,0,0
1256161,8501691449082,3,4,0,4,1,2,0,0,0,0,0
1256162,8423996284587,5,4,0,6,3,2,0,0,0,0,0
1256163,8386716534356,5,4,0,6,2,3,0,0,0,0,0
1256164,8525036626536,5,4,0,6,5,0,0,0,0,0,0
1256165,8464272550149,2,4,0,3,2,0,0,0,0,0,0
1256166,8464237655461,2,4,0,3,2,0,0,0,0,0,0
1256167,8423742010863,0,4,0,1,0,0,0,0,0,0,0
1256168,8125619132504,6,4,0,7,4,2,0,0,0,0,0
1256169,8526379411001,5,4,0,6,1,4,0,0,0,0,0
1256170,8308473835292,5,4,0,6,3,2,0,0,0,0,0
1256171,8484425899321,3,4,0,4,3,0,0,0,0,0,0
1256172,8524838188358,5,4,0,6,3,2,0,0,0,0,0
1256173,8544856509013,5,4,0,6,3,2,0,0,0,0,0
1256174,8241425128675,4,4,0,5,2,2,0,0,0,0,0
1256175,8519034615601,4,4,0,5,3,1,0,0,0,0,0
1256176,8476415545414,4,4,0,5,4,0,0,0,0,0,0
1256177,8469832106215,2,4,0,3,1,1,0,0,0,0,0
1256178,8484313335305,3,4,0,4,2,1,0,0,0,0,0
1256179,8485869144927,3,4,0,4,2,1,0,0,0,0,0
1256180,8221614348899,6,4,0,7,5,1,0,0,0,0,0
1256181,8523519693093,1,4,0,2,0,1,0,0,0,0,0
1256182,8443772148272,1,4,0,2,1,0,0,0,0,0,0
1256183,8423487559946,0,4,0,1,0,0,0,0,0,0,0
1256184,8443757460029,1,4,0,2,1,0,0,0,0,0,0
1256185,8423455426922,0,4,0,1,0,0,0,0,0,0,0
1256186,8464104048026,2,4,0,3,2,0,0,0,0,0,0
1256187,8492087904006,3,4,0,4,2,1,0,0,0,0,0
1256188,8215894291286,5,4,0,6,4,1,0,0,0,0,0
1256189,8471813754672,2,4,0,3,1,1,0,0,0,0,0
1256190,8514088568821,4,4,0,5,4,0,0,0,0,0,0
1256191,8525018153735,5,4,0,6,5,0,0,0,0,0,0
1256192,8520007968132,4,4,0,5,2,2,0,0,0,0,0
1256193,8423327521551,0,4,0,1,0,0,0,0,0,0,0
1256194,8443733230027,1,4,0,2,1,0,0,0,0,0,0
1256195,8458364375420,4,4,0,5,3,1,0,0,0,0,0
1256196,8218289743402,6,4,0,7,6,0,0,0,0,0,0
1256197,8525282241242,5,4,0,6,4,1,0,0,0,0,0
1256198,8524316910593,2,4,0,3,0,2,0,0,0,0,0
1256199,8531095749087,5,4,0,6,4,1,0,0,0,0,0
1256200,8506473150547,4,4,0,5,2,2,0,0,0,0,0
1256201,8525545240256,5,4,0,6,4,1,0,0,0,0,0
1256202,8431344494814,4,4,0,5,3,1,0,0,0,0,0
1256203,8523369820118,5,4,0,6,4,1,0,0,0,0,0
1256204,8222521175042,6,4,0,7,6,0,0,0,0,0,0
1256205,8217336926963,6,4,0,7,5,1,0,0,0,0,0
1256206,8514464659035,3,4,0,4,2,1,0,0,0,0,0
1256207,8525292118525,5,4,0,6,3,2,0,0,0,0,0
1256208,8470867644850,4,4,0,5,3,1,0,0,0,0,0
1256209,8533398026455,5,4,0,6,5,0,0,0,0,0,0
1256210,8423056777845,0,4,0,1,0,0,0,0,0,0,0
1256211,8423040712139,0,4,0,1,0,0,0,0,0,0,0
1256212,8423024646464,0,4,0,1,0,0,0,0,0,0,0
1256213,8450106356079,1,4,0,2,0,1,0,0,0,0,0
1256214,8510622312501,4,4,0,5,2,2,0,0,0,0,0
1256215,8509827756843,5,4,0,6,4,1,0,0,0,0,0
1256216,8510559388119,4,4,0,5,3,1,0,0,0,0,0
1256217,8518978220968,4,4,0,5,3,1,0,0,0,0,0
1256218,8454425863504,3,4,0,4,1,2,0,0,0,0,0
1256219,8538163403815,5,4,0,6,2,3,0,0,0,0,0
1256220,8543992177613,2,4,0,3,1,1,0,0,0,0,0
1256221,8422880290791,0,4,0,1,0,0,0,0,0,0,0
1256222,8422864225422,0,4,0,1,0,0,0,0,0,0,0
1256223,8465039561621,2,4,0,3,1,1,0,0,0,0,0
1256224,8422832094775,0,4,0,1,0,0,0,0,0,0,0
1256225,8514525630613,4,4,0,5,1,3,0,0,0,0,0
1256226,8422799964252,0,4,0,1,0,0,0,0,0,0,0
1256227,8422783899036,0,4,0,1,0,0,0,0,0,0,0
1256228,8466566310104,2,4,0,3,2,0,0,0,0,0,0
1256229,8510348554127,4,4,0,5,3,1,0,0,0,0,0
1256230,8604010965651,4,4,0,5,2,2,0,0,0,0,0
1256231,8531584311692,5,4,0,6,5,0,0,0,0,0,0
1256232,8526118922315,4,4,0,5,2,2,0,0,0,0,0
1256233,8510283950639,4,4,0,5,3,1,0,0,0,0,0
1256234,8417174187185,5,4,0,6,0,5,0,0,0,0,0
1256235,8510251618178,4,4,0,5,0,4,0,0,0,0,0
1256236,8510235511468,4,4,0,5,0,4,0,0,0,0,0
1256237,8342809420152,4,4,0,5,1,3,0,0,0,0,0
1256238,8527048794853,3,4,0,4,1,2,0,0,0,0,0
1256239,8529633385351,5,4,0,6,5,0,0,0,0,0,0
1256240,8530369675790,3,4,0,4,3,0,0,0,0,0,0
1256241,8518577275854,4,4,0,5,3,1,0,0,0,0,0
1256242,8525616746498,5,4,0,6,2,3,0,0,0,0,0
1256243,8552848991126,2,4,0,3,1,1,0,0,0,0,0
1256244,8422511481704,0,4,0,1,0,0,0,0,0,0,0
1256245,8544975014829,5,4,0,6,3,2,0,0,0,0,0
1256246,8510073440168,4,4,0,5,1,3,0,0,0,0,0
1256247,8422463297941,0,4,0,1,0,0,0,0,0,0,0
1256248,8422447233367,0,4,0,1,0,0,0,0,0,0,0
1256249,8518126257218,4,4,0,5,3,1,0,0,0,0,0
1256250,8422415104311,0,4,0,1,0,0,0,0,0,0,0
1256251,8566195598349,3,4,0,4,3,0,0,0,0,0,0
1256252,8422382975378,0,4,0,1,0,0,0,0,0,0,0
1256253,8521751030062,3,4,0,4,2,1,0,0,0,0,0
1256254,8520050302723,3,4,0,4,2,1,0,0,0,0,0
1256255,8246729026672,4,4,0,5,3,1,0,0,0,0,0
1256256,8509911562647,4,4,0,5,4,0,0,0,0,0,0
1256257,8421934906054,5,4,0,6,2,3,0,0,0,0,0
1256258,8444381088865,5,4,0,6,2,3,0,0,0,0,0
1256259,8518285577999,2,4,0,3,1,1,0,0,0,0,0
1256260,8478116586746,2,4,0,3,0,2,0,0,0,0,0
1256261,8523295694499,3,4,0,4,2,1,0,0,0,0,0
1256262,8461456246814,5,4,0,6,3,2,0,0,0,0,0
1256263,8475754803217,5,4,0,6,5,0,0,0,0,0,0
1256264,8516875439263,5,4,0,6,2,3,0,0,0,0,0
1256265,8509766443187,4,4,0,5,1,3,0,0,0,0,0
1256266,8509750296638,3,4,0,4,1,2,0,0,0,0,0
1256267,8475735781256,5,4,0,6,5,0,0,0,0,0,0
1256268,8244261529332,4,4,0,5,3,1,0,0,0,0,0
1256269,8717458765101,5,4,0,6,5,0,0,0,0,0,0
1256270,8467984550514,5,4,0,6,4,1,0,0,0,0,0
1256271,8475765993710,5,4,0,6,5,0,0,0,0,0,0
1256272,8453695002575,5,4,0,6,4,1,0,0,0,0,0
1256273,8478774375458,5,4,0,6,5,0,0,0,0,0,0
1256274,8509622137738,4,4,0,5,2,2,0,0,0,0,0
1256275,8509607151101,4,4,0,5,4,0,0,0,0,0,0
1256276,8479589982161,5,4,0,6,5,0,0,0,0,0,0
1256277,8370799990298,5,4,0,6,0,5,0,0,0,0,0
1256278,8517979310670,2,4,0,3,2,0,0,0,0,0,0
1256279,8217598249546,4,4,0,5,3,1,0,0,0,0,0
1256280,8458002032608,5,4,0,6,0,5,0,0,0,0,0
1256281,8509509545810,4,4,0,5,2,2,0,0,0,0,0
1256282,8517915353590,2,4,0,3,0,2,0,0,0,0,0
1256283,8181130334981,4,4,0,5,1,3,0,0,0,0,0
1256284,8519567843682,4,4,0,5,4,0,0,0,0,0,0
1256285,8479512929628,4,4,0,5,3,1,0,0,0,0,0
1256286,8515532494292,4,4,0,5,3,1,0,0,0,0,0
1256287,8421825652256,0,4,0,1,0,0,0,0,0,0,0
1256288,8443706335589,1,4,0,2,1,0,0,0,0,0,0
1256289,8493271297331,3,4,0,4,1,2,0,0,0,0,0
1256290,8421777462275,0,4,0,1,0,0,0,0,0,0,0
1256291,8447761399009,1,4,0,2,1,0,0,0,0,0,0
1256292,8249923428786,5,4,0,6,5,0,0,0,0,0,0
1256293,8468296164681,5,4,0,6,4,1,0,0,0,0,0
1256294,8475371949008,5,4,0,6,5,0,0,0,0,0,0
1256295,8509284205306,4,4,0,5,4,0,0,0,0,0,0
1256296,8474121939708,5,4,0,6,5,0,0,0,0,0,0
1256297,8448051382973,5,4,0,6,3,2,0,0,0,0,0
1256298,8643546394301,3,4,0,4,2,1,0,0,0,0,0
1256299,8421633958429,0,4,0,1,0,0,0,0,0,0,0
1256300,8421617895437,0,4,0,1,0,0,0,0,0,0,0
1256301,8465394245530,2,4,0,3,2,0,0,0,0,0,0
1256302,8421585769545,0,4,0,1,0,0,0,0,0,0,0
1256303,8565361952623,3,4,0,4,3,0,0,0,0,0,0
1256304,8421553643775,0,4,0,1,0,0,0,0,0,0,0
1256305,8234300729087,3,4,0,4,0,3,0,0,0,0,0
1256306,8491314179062,3,4,0,4,3,0,0,0,0,0,0
1256307,8421506037355,0,4,0,1,0,0,0,0,0,0,0
1256308,8466966107196,2,4,0,3,1,1,0,0,0,0,0
1256309,8487161575425,3,4,0,4,2,1,0,0,0,0,0
1256310,8421457849203,0,4,0,1,0,0,0,0,0,0,0
1256311,8451759150439,1,4,0,2,0,1,0,0,0,0,0
1256312,8512377295199,4,4,0,5,0,4,0,0,0,0,0
1256313,8465201158609,2,4,0,3,2,0,0,0,0,0,0
1256314,8421393598762,0,4,0,1,0,0,0,0,0,0,0
1256315,8421377536229,0,4,0,1,0,0,0,0,0,0,0
1256316,8421361473726,0,4,0,1,0,0,0,0,0,0,0
1256317,8421345411254,0,4,0,1,0,0,0,0,0,0,0
1256318,8421329348812,0,4,0,1,0,0,0,0,0,0,0
1256319,8421313286401,0,4,0,1,0,0,0,0,0,0,0
1256320,8443192638562,1,4,0,2,1,0,0,0,0,0,0
1256321,8443176534443,1,4,0,2,1,0,0,0,0,0,0
1256322,8474828481756,5,4,0,6,5,0,0,0,0,0,0
1256323,8507146089447,2,4,0,3,0,2,0,0,0,0,0
1256324,8268149277572,3,4,0,4,2,1,0,0,0,0,0
1256325,8446989632850,5,4,0,6,3,2,0,0,0,0,0
1256326,8453202275025,1,4,0,2,1,0,0,0,0,0,0
1256327,8443080710501,1,4,0,2,1,0,0,0,0,0,0
1256328,8513802565523,4,4,0,5,3,1,0,0,0,0,0
1256329,8421153461981,0,4,0,1,0,0,0,0,0,0,0
1256330,8495243550354,1,4,0,2,0,1,0,0,0,0,0
1256331,8518806531643,4,4,0,5,3,1,0,0,0,0,0
1256332,8518790386117,3,4,0,4,1,2,0,0,0,0,0
1256333,8508669042771,4,4,0,5,4,0,0,0,0,0,0
1256334,8515389794374,4,4,0,5,3,1,0,0,0,0,0
1256335,8488425675188,3,4,0,4,2,1,0,0,0,0,0
1256336,8518725290282,3,4,0,4,2,1,0,0,0,0,0
1256337,8500182793626,3,4,0,4,1,2,0,0,0,0,0
1256338,8113432831331,5,4,0,6,3,2,0,0,0,0,0
1256339,8511940608077,4,4,0,5,3,1,0,0,0,0,0
1256340,8592766772262,4,4,0,5,3,1,0,0,0,0,0
1256341,8420961543464,0,4,0,1,0,0,0,0,0,0,0
1256342,8570945481754,1,4,0,2,0,1,0,0,0,0,0
1256343,8420929420076,0,4,0,1,0,0,0,0,0,0,0
1256344,8420913358427,0,4,0,1,0,0,0,0,0,0,0
1256345,8420897296810,0,4,0,1,0,0,0,0,0,0,0
1256346,8442775568190,1,4,0,2,1,0,0,0,0,0,0
1256347,8508741079174,4,4,0,5,4,0,0,0,0,0,0
1256348,8508426109909,4,4,0,5,2,2,0,0,0,0,0
1256349,8508409923146,4,4,0,5,2,2,0,0,0,0,0
1256350,8506709772159,2,4,0,3,0,2,0,0,0,0,0
1256351,8508377633224,4,4,0,5,4,0,0,0,0,0,0
1256352,8470261956230,5,4,0,6,4,1,0,0,0,0,0
1256353,8494871922179,3,4,0,4,1,2,0,0,0,0,0
1256354,8464540894775,2,4,0,3,0,2,0,0,0,0,0
1256355,8461695170813,5,4,0,6,4,1,0,0,0,0,0
1256356,8450905582048,3,4,0,4,2,1,0,0,0,0,0
1256357,8508280741186,2,4,0,3,1,1,0,0,0,0,0
1256358,8508264389039,4,4,0,5,4,0,0,0,0,0,0
1256359,8508248036728,4,4,0,5,2,2,0,0,0,0,0
1256360,8508231975569,4,4,0,5,4,0,0,0,0,0,0
1256361,8220674667253,5,4,0,6,3,2,0,0,0,0,0
1256362,8403258278856,5,4,0,6,4,1,0,0,0,0,0
1256363,8467267135525,5,4,0,6,4,1,0,0,0,0,0
1256364,8474268487382,5,4,0,6,5,0,0,0,0,0,0
1256365,8474229746918,5,4,0,6,5,0,0,0,0,0,0
1256366,8474918297353,5,4,0,6,5,0,0,0,0,0,0
1256367,8516540294281,2,4,0,3,0,2,0,0,0,0,0
1256368,8218007916546,3,4,0,4,0,3,0,0,0,0,0
1256369,8516508534870,2,4,0,3,0,2,0,0,0,0,0
1256370,8516492557266,2,4,0,3,0,2,0,0,0,0,0
1256371,8516476413188,2,4,0,3,1,1,0,0,0,0,0
1256372,8518144134113,3,4,0,4,1,2,0,0,0,0,0
1256373,7834948584116,2,4,0,3,0,2,0,0,0,0,0
1256374,8509692550419,4,4,0,5,3,1,0,0,0,0,0
1256375,8507991862961,4,4,0,5,2,2,0,0,0,0,0
1256376,8493874021601,3,4,0,4,1,2,0,0,0,0,0
1256377,8464173189442,2,4,0,3,2,0,0,0,0,0,0
1256378,8442324744670,1,4,0,2,1,0,0,0,0,0,0
1256379,8442247936543,1,4,0,2,1,0,0,0,0,0,0
1256380,8479512013860,2,4,0,3,0,2,0,0,0,0,0
1256381,8480886408408,3,4,0,4,2,1,0,0,0,0,0
1256382,8509562649028,4,4,0,5,2,2,0,0,0,0,0
1256383,8507862143368,4,4,0,5,3,1,0,0,0,0,0
1256384,8232798879856,3,4,0,4,0,3,0,0,0,0,0
1256385,8399178702901,5,4,0,6,4,1,0,0,0,0,0
1256386,8516234843816,2,4,0,3,0,2,0,0,0,0,0
1256387,8253604078721,3,4,0,4,2,1,0,0,0,0,0
1256388,8470773929477,5,4,0,6,4,1,0,0,0,0,0
1256389,7867848949617,2,4,0,3,0,2,0,0,0,0,0
1256390,8527828398398,4,4,0,5,1,3,0,0,0,0,0
1256391,8507735220069,4,4,0,5,0,4,0,0,0,0,0
1256392,8519470298176,2,4,0,3,1,1,0,0,0,0,0
1256393,8514439042503,4,4,0,5,1,3,0,0,0,0,0
1256394,8417505597249,4,4,0,5,1,3,0,0,0,0,0
1256395,8516092098727,2,4,0,3,0,2,0,0,0,0,0
1256396,8307336342009,5,4,0,6,0,5,0,0,0,0,0
1256397,8516060395391,2,4,0,3,1,1,0,0,0,0,0
1256398,8516044253067,2,4,0,3,1,1,0,0,0,0,0
1256399,8251714765981,3,4,0,4,2,1,0,0,0,0,0
1256400,7888743396028,2,4,0,3,1,1,0,0,0,0,0
1256401,8420000000000,0,4,1,0,0,0,0,0,0,0,0
1256402,8167829878442,5,4,0,6,0,5,0,0,0,0,0
1256403,8464351553525,5,4,0,6,4,1,0,0,0,0,0
1256404,8476583227345,5,4,0,6,5,0,0,0,0,0,0
1256405,8509195802030,4,4,0,5,0,4,0,0,0,0,0
1256406,8515918490403,2,4,0,3,1,1,0,0,0,0,0
1256407,8512392573707,2,4,0,3,0,2,0,0,0,0,0
1256408,8515886226375,2,4,0,3,1,1,0,0,0,0,0
1256409,8510662286914,4,4,0,5,1,3,0,0,0,0,0
1256410,8515854246618,2,4,0,3,1,1,0,0,0,0,0
1256411,8254986776697,3,4,0,4,2,1,0,0,0,0,0
1256412,8420607065263,5,4,0,6,3,2,0,0,0,0,0
1256413,8189261173989,4,4,0,5,3,1,0,0,0,0,0
1256414,8445509397039,5,4,0,6,2,3,0,0,0,0,0
1256415,8515775233378,2,4,0,3,1,1,0,0,0,0,0
1256416,8515759422836,2,4,0,3,1,1,0,0,0,0,0
1256417,8242836924105,3,4,0,4,1,2,0,0,0,0,0
1256418,8253128360094,3,4,0,4,2,1,0,0,0,0,0
1256419,8515711854332,2,4,0,3,0,2,0,0,0,0,0
1256420,8208518915997,3,4,0,4,2,1,0,0,0,0,0
1256421,8517365003163,2,4,0,3,1,1,0,0,0,0,0
1256422,8206649883538,3,4,0,4,2,1,0,0,0,0,0
1256423,8519014532568,2,4,0,3,1,1,0,0,0,0,0
1256424,8158244775956,3,4,0,4,2,1,0,0,0,0,0
1256425,8517302804549,1,4,0,2,0,1,0,0,0,0,0
1256426,8517283092834,2,4,0,3,1,1,0,0,0,0,0
1256427,8280850798336,3,4,0,4,2,1,0,0,0,0,0
1256428,8234306805553,4,4,0,5,1,3,0,0,0,0,0
1256429,8461455377484,5,4,0,6,5,0,0,0,0,0,0
1256430,8461439658409,5,4,0,6,5,0,0,0,0,0,0
1256431,8618268757829,5,4,0,6,4,1,0,0,0,0,0
1256432,8450514371162,5,4,0,6,3,2,0,0,0,0,0
1256433,8508752230788,4,4,0,5,3,1,0,0,0,0,0
1256434,8515468133058,2,4,0,3,1,1,0,0,0,0,0
1256435,8473002962139,5,4,0,6,5,0,0,0,0,0,0
1256436,8507021961153,4,4,0,5,4,0,0,0,0,0,0
1256437,8473039839022,5,4,0,6,5,0,0,0,0,0,0
1256438,8506986864986,4,4,0,5,4,0,0,0,0,0,0
1256439,8473055885862,5,4,0,6,5,0,0,0,0,0,0
1256440,8473062687671,5,4,0,6,5,0,0,0,0,0,0
1256441,8465102957853,5,4,0,6,4,1,0,0,0,0,0
1256442,8637240594642,5,4,0,6,4,1,0,0,0,0,0
1256443,8466382856656,4,4,0,5,2,2,0,0,0,0,0
1256444,8331056167365,4,4,0,5,4,0,0,0,0,0,0
1256445,8506778683607,4,4,0,5,3,1,0,0,0,0,0
1256446,8517249691030,5,4,0,6,3,2,0,0,0,0,0
1256447,8509945178819,5,4,0,6,3,2,0,0,0,0,0
1256448,8510653881973,4,4,0,5,3,1,0,0,0,0,0
1256449,8508155559564,5,4,0,6,3,2,0,0,0,0,0
1256450,8522682660422,5,4,0,6,3,2,0,0,0,0,0
1256451,8511726560606,4,4,0,5,3,1,0,0,0,0,0
1256452,8507975207761,4,4,0,5,2,2,0,0,0,0,0
1256453,8524481470503,5,4,0,6,4,1,0,0,0,0,0
1256454,8528191360101,5,4,0,6,5,0,0,0,0,0,0
1256455,8527643747275,5,4,0,6,4,1,0,0,0,0,0
1256456,8514687737091,4,4,0,5,0,4,0,0,0,0,0
1256457,8604093090872,5,4,0,6,2,3,0,0,0,0,0
1256458,8508751911890,4,4,0,5,3,1,0,0,0,0,0
1256459,8429764220051,5,4,0,6,0,5,0,0,0,0,0
1256460,8522295068940,5,4,0,6,0,5,0,0,0,0,0
1256461,8510356639403,4,4,0,5,3,1,0,0,0,0,0
1256462,8517511033332,3,4,0,4,1,2,0,0,0,0,0
1256463,8525674959687,5,4,0,6,4,1,0,0,0,0,0
1256464,7970467987301,3,4,0,4,0,3,0,0,0,0,0
1256465,8522812836524,5,4,0,6,4,1,0,0,0,0,0
1256466,8521307883435,5,4,0,6,5,0,0,0,0,0,0
1256467,8534828527129,5,4,0,6,4,1,0,0,0,0,0
1256468,8500239238489,4,4,0,5,1,3,0,0,0,0,0
1256469,8511811352369,5,4,0,6,3,2,0,0,0,0,0
1256470,8439193360512,1,4,0,2,0,1,0,0,0,0,0
1256471,8504618172518,4,4,0,5,3,1,0,0,0,0,0
1256472,8520181320611,5,4,0,6,5,0,0,0,0,0,0
1256473,8511529608318,5,4,0,6,4,1,0,0,0,0,0
1256474,8520885508102,4,4,0,5,2,2,0,0,0,0,0
1256475,8517311095506,4,4,0,5,3,1,0,0,0,0,0
1256476,8460852602299,2,4,0,3,0,2,0,0,0,0,0
1256477,8495059408553,3,4,0,4,2,1,0,0,0,0,0
1256478,8400226712732,2,4,0,3,0,2,0,0,0,0,0
1256479,8529806997388,5,4,0,6,5,0,0,0,0,0,0
1256480,8501245861221,3,4,0,4,0,3,0,0,0,0,0
1256481,8439016552592,1,4,0,2,1,0,0,0,0,0,0
1256482,8566398058318,5,4,0,6,3,2,0,0,0,0,0
1256483,8479550329276,3,4,0,4,2,1,0,0,0,0,0
1256484,8257787699472,3,4,0,4,3,0,0,0,0,0,0
1256485,8519825858414,5,4,0,6,4,1,0,0,0,0,0
1256486,8213930993860,6,4,0,7,6,0,0,0,0,0,0
1256487,8512726753295,5,4,0,6,4,1,0,0,0,0,0
1256488,8508927732333,2,4,0,3,0,2,0,0,0,0,0
1256489,8491145750063,5,4,0,6,3,2,0,0,0,0,0
1256490,8508892556712,3,4,0,4,1,2,0,0,0,0,0
1256491,8499534813409,4,4,0,5,3,1,0,0,0,0,0
1256492,8452347942874,4,4,0,5,3,1,0,0,0,0,0
1256493,8519744793353,5,4,0,6,5,0,0,0,0,0,0
1256494,8515773822796,1,4,0,2,0,1,0,0,0,0,0
1256495,8519711947428,5,4,0,6,5,0,0,0,0,0,0
1256496,8475941250992,5,4,0,6,4,1,0,0,0,0,0
1256497,8510776930676,2,4,0,3,0,2,0,0,0,0,0
1256498,8499421594358,4,4,0,5,3,1,0,0,0,0,0
1256499,8448680588926,3,4,0,4,0,3,0,0,0,0,0
1256500,8457587948868,5,4,0,6,5,0,0,0,0,0,0
1256501,8519592514491,5,4,0,6,5,0,0,0,0,0,0
1256502,8220790843233,6,4,0,7,6,0,0,0,0,0,0
1256503,8222034437854,6,4,0,7,6,0,0,0,0,0,0
1256504,8505513118817,4,4,0,5,3,1,0,0,0,0,0
1256505,8499272217391,4,4,0,5,1,3,0,0,0,0,0
1256506,8516406270913,2,4,0,3,1,1,0,0,0,0,0
1256507,8427322859882,4,4,0,5,2,2,0,0,0,0,0
1256508,8498356757138,5,4,0,6,4,1,0,0,0,0,0
1256509,8519463720946,5,4,0,6,5,0,0,0,0,0,0
1256510,8519458212160,5,4,0,6,5,0,0,0,0,0,0
1256511,8503882666185,4,4,0,5,3,1,0,0,0,0,0
1256512,8611808144536,5,4,0,6,1,4,0,0,0,0,0
1256513,8490080957938,5,4,0,6,1,4,0,0,0,0,0
1256514,8517841868273,3,4,0,4,3,0,0,0,0,0,0
1256515,8519368281722,5,4,0,6,4,1,0,0,0,0,0
1256516,8525128097042,5,4,0,6,5,0,0,0,0,0,0
1256517,8518211985803,4,4,0,5,1,3,0,0,0,0,0
1256518,8508142952929,3,4,0,4,0,3,0,0,0,0,0
1256519,8438364064494,1,4,0,2,1,0,0,0,0,0,0
1256520,8438348905217,1,4,0,2,1,0,0,0,0,0,0
1256521,8481923389147,3,4,0,4,1,2,0,0,0,0,0
1256522,8458556574643,2,4,0,3,2,0,0,0,0,0,0
1256523,8499020706232,4,4,0,5,4,0,0,0,0,0,0
1256524,8587852738751,5,4,0,6,4,1,0,0,0,0,0
1256525,8525352451388,5,4,0,6,4,1,0,0,0,0,0
1256526,8438261158483,1,4,0,2,0,1,0,0,0,0,0
1256527,8417998493934,0,4,0,1,0,0,0,0,0,0,0
1256528,8417982437876,0,4,0,1,0,0,0,0,0,0,0
1256529,8512968974155,3,4,0,4,2,1,0,0,0,0,0
1256530,7936430969993,3,4,0,4,0,3,0,0,0,0,0
1256531,8519154491106,5,4,0,6,5,0,0,0,0,0,0
1256532,8209320065281,6,4,0,7,6,0,0,0,0,0,0
1256533,8531705409948,5,4,0,6,3,2,0,0,0,0,0
1256534,8575887896494,3,4,0,4,2,1,0,0,0,0,0
1256535,8538127436137,2,4,0,3,1,1,0,0,0,0,0
1256536,8188399774130,6,4,0,7,5,1,0,0,0,0,0
1256537,8484362688775,3,4,0,4,3,0,0,0,0,0,0
1256538,8458346558970,2,4,0,3,2,0,0,0,0,0,0
1256539,8506697396173,2,4,0,3,0,2,0,0,0,0,0
1256540,8579962349219,5,4,0,6,2,3,0,0,0,0,0
1256541,8204606432948,6,4,0,7,6,0,0,0,0,0,0
1256542,8519587956844,4,4,0,5,1,3,0,0,0,0,0
1256543,8494157658195,3,4,0,4,1,2,0,0,0,0,0
1256544,8478547024206,3,4,0,4,3,0,0,0,0,0,0
1256545,8440753169827,5,4,0,6,4,1,0,0,0,0,0
1256546,8486426478998,2,4,0,3,0,2,0,0,0,0,0
1256547,8460175151891,2,4,0,3,1,1,0,0,0,0,0
1256548,8438124918629,1,4,0,2,1,0,0,0,0,0,0
1256549,8417648630506,0,4,0,1,0,0,0,0,0,0,0
1256550,8417632575116,0,4,0,1,0,0,0,0,0,0,0
1256551,8482223119749,3,4,0,4,3,0,0,0,0,0,0
1256552,8461212884966,2,4,0,3,2,0,0,0,0,0,0
1256553,8254538391765,3,4,0,4,1,2,0,0,0,0,0
1256554,8526564836553,5,4,0,6,5,0,0,0,0,0,0
1256555,8508296506340,4,4,0,5,3,1,0,0,0,0,0
1256556,8217988959409,6,4,0,7,6,0,0,0,0,0,0
1256557,8516848323136,1,4,0,2,0,1,0,0,0,0,0
1256558,8208294806363,6,4,0,7,6,0,0,0,0,0,0
1256559,8505032147238,4,4,0,5,3,1,0,0,0,0,0
1256560,8587244982626,4,4,0,5,4,0,0,0,0,0,0
1256561,8144844109643,2,4,0,3,0,2,0,0,0,0,0
1256562,8448090551111,4,4,0,5,2,2,0,0,0,0,0
1256563,8516752752942,4,4,0,5,3,1,0,0,0,0,0
1256564,8447410589794,3,4,0,4,0,3,0,0,0,0,0
1256565,8481158588776,4,4,0,5,0,4,0,0,0,0,0
1256566,8511182400144,5,4,0,6,4,1,0,0,0,0,0
1256567,8463521098502,5,4,0,6,4,1,0,0,0,0,0
1256568,8529279596376,5,4,0,6,0,5,0,0,0,0,0
1256569,8419890848646,4,4,0,5,2,2,0,0,0,0,0
1256570,8504587431827,4,4,0,5,3,1,0,0,0,0,0
1256571,8525362334310,5,4,0,6,5,0,0,0,0,0,0
1256572,8526081406322,5,4,0,6,5,0,0,0,0,0,0
1256573,8522747002295,5,4,0,6,4,1,0,0,0,0,0
1256574,8504450435316,4,4,0,5,3,1,0,0,0,0,0
1256575,8526124708870,5,4,0,6,5,0,0,0,0,0,0
1256576,8526592900776,5,4,0,6,5,0,0,0,0,0,0
1256577,8213652245295,6,4,0,7,6,0,0,0,0,0,0
1256578,8526027761962,5,4,0,6,4,1,0,0,0,0,0
1256579,8695702828377,5,4,0,6,2,3,0,0,0,0,0
1256580,8512618492164,5,4,0,6,3,2,0,0,0,0,0
1256581,8511741890522,4,4,0,5,3,1,0,0,0,0,0
1256582,8596985901190,3,4,0,4,3,0,0,0,0,0,0
1256583,8417106806578,0,4,0,1,0,0,0,0,0,0,0
1256584,8503227505105,4,4,0,5,0,4,0,0,0,0,0
1256585,8468819604025,2,4,0,3,1,1,0,0,0,0,0
1256586,8460621036979,2,4,0,3,2,0,0,0,0,0,0
1256587,8538923659622,2,4,0,3,1,1,0,0,0,0,0
1256588,8417026535098,0,4,0,1,0,0,0,0,0,0,0
1256589,8438894749885,1,4,0,2,1,0,0,0,0,0,0
1256590,8464129685409,2,4,0,3,1,1,0,0,0,0,0
1256591,8489364524633,3,4,0,4,2,1,0,0,0,0,0
1256592,8416962318466,0,4,0,1,0,0,0,0,0,0,0
1256593,8416946264384,0,4,0,1,0,0,0,0,0,0,0
1256594,8538814270609,2,4,0,3,1,1,0,0,0,0,0
1256595,8515932984035,4,4,0,5,1,3,0,0,0,0,0
1256596,8490967088171,1,4,0,2,0,1,0,0,0,0,0
1256597,8416882048364,0,4,0,1,0,0,0,0,0,0,0
1256598,8490934556432,1,4,0,2,0,1,0,0,0,0,0
1256599,8575467339491,3,4,0,4,1,2,0,0,0,0,0
1256600,8460601506359,2,4,0,3,0,2,0,0,0,0,0
1256601,8354101023964,5,4,0,6,3,2,0,0,0,0,0
1256602,8416802131860,0,4,0,1,0,0,0,0,0,0,0
1256603,8416786078084,0,4,0,1,0,0,0,0,0,0,0
1256604,8416770024338,0,4,0,1,0,0,0,0,0,0,0
1256605,8460521174728,2,4,0,3,1,1,0,0,0,0,0
1256606,8460505037583,2,4,0,3,2,0,0,0,0,0,0
1256607,8502572590019,3,4,0,4,1,2,0,0,0,0,0
1256608,8432827584364,5,4,0,6,1,4,0,0,0,0,0
1256609,8475210357669,3,4,0,4,2,1,0,0,0,0,0
1256610,8474699995434,2,4,0,3,0,2,0,0,0,0,0
1256611,8384584662479,5,4,0,6,4,1,0,0,0,0,0
1256612,8406529376344,5,4,0,6,3,2,0,0,0,0,0
1256613,8515943653360,3,4,0,4,1,2,0,0,0,0,0
1256614,8516610406485,1,4,0,2,0,1,0,0,0,0,0
1256615,8232235020256,2,4,0,3,1,1,0,0,0,0,0
1256616,8237442129119,2,4,0,3,1,1,0,0,0,0,0
1256617,8154203800123,2,4,0,3,0,2,0,0,0,0,0
1256618,8504080634638,4,4,0,5,2,2,0,0,0,0,0
1256619,8407137436456,3,4,0,4,1,2,0,0,0,0,0
1256620,8516516217072,1,4,0,2,0,1,0,0,0,0,0
1256621,8516500163841,1,4,0,2,0,1,0,0,0,0,0
1256622,8449367951822,3,4,0,4,1,2,0,0,0,0,0
1256623,8225178709288,5,4,0,6,3,2,0,0,0,0,0
1256624,8262616790579,4,4,0,5,4,0,0,0,0,0,0
1256625,8503968404685,4,4,0,5,3,1,0,0,0,0,0
1256626,8514052013350,3,4,0,4,2,1,0,0,0,0,0
1256627,8498886345360,1,4,0,2,0,1,0,0,0,0,0
1256628,8507286230574,3,4,0,4,1,2,0,0,0,0,0
1256629,8503903657287,4,4,0,5,3,1,0,0,0,0,0
1256630,8503887228694,4,4,0,5,1,3,0,0,0,0,0
1256631,8502187901168,2,4,0,3,1,1,0,0,0,0,0
1256632,8503854955925,4,4,0,5,2,2,0,0,0,0,0
1256633,8638751903664,5,4,0,6,2,3,0,0,0,0,0
1256634,8406524935311,5,4,0,6,1,4,0,0,0,0,0
1256635,8513906797377,3,4,0,4,2,1,0,0,0,0,0
1256636,8135705084989,2,4,0,3,0,2,0,0,0,0,0
1256637,8452055288163,5,4,0,6,4,1,0,0,0,0,0
1256638,8513858843712,4,4,0,5,1,3,0,0,0,0,0
1256639,8465199818923,5,4,0,6,5,0,0,0,0,0,0
1256640,8469708177033,5,4,0,6,5,0,0,0,0,0,0
1256641,8503711577136,4,4,0,5,4,0,0,0,0,0,0
1256642,8503694777029,4,4,0,5,3,1,0,0,0,0,0
1256643,8603626446845,5,4,0,6,2,3,0,0,0,0,0
1256644,8501979565757,2,4,0,3,1,1,0,0,0,0,0
1256645,8513745900788,3,4,0,4,1,2,0,0,0,0,0
1256646,8467169521091,4,4,0,5,3,1,0,0,0,0,0
1256647,8432260217681,5,4,0,6,3,2,0,0,0,0,0
1256648,8012163768509,4,4,0,5,3,1,0,0,0,0,0
1256649,8456400442575,5,4,0,6,2,3,0,0,0,0,0
1256650,8413738768852,5,4,0,6,4,1,0,0,0,0,0
1256651,8506916935984,4,4,0,5,2,2,0,0,0,0,0
1256652,8515317294512,2,4,0,3,1,1,0,0,0,0,0
1256653,8503518043066,4,4,0,5,4,0,0,0,0,0,0
1256654,8503504508546,3,4,0,4,2,1,0,0,0,0,0
1256655,8472644072872,5,4,0,6,5,0,0,0,0,0,0
1256656,8473383881443,5,4,0,6,5,0,0,0,0,0,0
1256657,8469549416706,5,4,0,6,5,0,0,0,0,0,0
1256658,8472599782174,5,4,0,6,5,0,0,0,0,0,0
1256659,8472582981682,5,4,0,6,5,0,0,0,0,0,0
1256660,8503406594593,4,4,0,5,3,1,0,0,0,0,0
1256661,8472661558162,5,4,0,6,5,0,0,0,0,0,0
1256662,8512984263434,3,4,0,4,1,2,0,0,0,0,0
1256663,8503356518620,4,4,0,5,4,0,0,0,0,0,0
1256664,8333122938193,4,4,0,5,2,2,0,0,0,0,0
1256665,8503324867224,4,4,0,5,4,0,0,0,0,0,0
1256666,8503308404078,4,4,0,5,4,0,0,0,0,0,0
1256667,8473319571427,5,4,0,6,5,0,0,0,0,0,0
1256668,8503276355871,4,4,0,5,2,2,0,0,0,0,0
1256669,8339408932256,4,4,0,5,2,2,0,0,0,0,0
1256670,8454049187532,5,4,0,6,3,2,0,0,0,0,0
1256671,8503228249973,4,4,0,5,4,0,0,0,0,0,0
1256672,8487720844905,2,4,0,3,2,0,0,0,0,0,0
1256673,8462229525237,5,4,0,6,4,1,0,0,0,0,0
1256674,8433159077755,4,4,0,5,0,4,0,0,0,0,0
1256675,8260894152231,3,4,0,4,2,1,0,0,0,0,0
1256676,8439548714672,3,4,0,4,0,3,0,0,0,0,0
1256677,8482855541300,3,4,0,4,3,0,0,0,0,0,0
1256678,8469258577120,5,4,0,6,5,0,0,0,0,0,0
1256679,8471547325100,5,4,0,6,5,0,0,0,0,0,0
1256680,8427817245847,5,4,0,6,2,3,0,0,0,0,0
1256681,8141545089222,4,4,0,5,1,3,0,0,0,0,0
1256682,8503051994507,4,4,0,5,2,2,0,0,0,0,0
1256683,8438192954919,4,4,0,5,0,4,0,0,0,0,0
1256684,8501336647907,3,4,0,4,2,1,0,0,0,0,0
1256685,8476032283451,3,4,0,4,2,1,0,0,0,0,0
1256686,8260722926782,3,4,0,4,2,1,0,0,0,0,0
1256687,8469046135792,5,4,0,6,5,0,0,0,0,0,0
1256688,8504639102029,4,4,0,5,4,0,0,0,0,0,0
1256689,8502940413496,4,4,0,5,4,0,0,0,0,0,0
1256690,8513022262617,3,4,0,4,3,0,0,0,0,0,0
1256691,8489015545293,5,4,0,6,5,0,0,0,0,0,0
1256692,8502894061594,4,4,0,5,4,0,0,0,0,0,0
1256693,8505316459495,5,4,0,6,4,1,0,0,0,0,0
1256694,8518177438973,5,4,0,6,4,1,0,0,0,0,0
1256695,8501077540978,4,4,0,5,4,0,0,0,0,0,0
1256696,8516026511303,5,4,0,6,4,1,0,0,0,0,0
1256697,8516522556361,5,4,0,6,4,1,0,0,0,0,0
1256698,8516289883830,5,4,0,6,3,2,0,0,0,0,0
1256699,8513319956468,5,4,0,6,2,3,0,0,0,0,0
1256700,8501654661064,4,4,0,5,4,0,0,0,0,0,0
1256701,8524553869093,5,4,0,6,2,3,0,0,0,0,0
1256702,8510950174843,5,4,0,6,4,1,0,0,0,0,0
1256703,8455824823451,2,4,0,3,1,1,0,0,0,0,0
1256704,8512509287916,4,4,0,5,2,2,0,0,0,0,0
1256705,8484648592068,5,4,0,6,1,4,0,0,0,0,0
1256706,8512062707254,3,4,0,4,2,1,0,0,0,0,0
1256707,8512727421515,5,4,0,6,3,2,0,0,0,0,0
1256708,8516696114756,5,4,0,6,5,0,0,0,0,0,0
1256709,8463039926128,5,4,0,6,1,4,0,0,0,0,0
1256710,8496626975211,4,4,0,5,2,2,0,0,0,0,0
1256711,8496350070329,3,4,0,4,1,2,0,0,0,0,0
1256712,8515073842928,3,4,0,4,1,2,0,0,0,0,0
1256713,8425233539220,3,4,0,4,1,2,0,0,0,0,0
1256714,8516473260739,5,4,0,6,5,0,0,0,0,0,0
1256715,8450892735896,2,4,0,3,1,1,0,0,0,0,0
1256716,8516460040696,5,4,0,6,5,0,0,0,0,0,0
1256717,8516546017911,5,4,0,6,5,0,0,0,0,0,0
1256718,8514766157920,5,4,0,6,3,2,0,0,0,0,0
1256719,8496069496967,4,4,0,5,3,1,0,0,0,0,0
1256720,8515945387432,5,4,0,6,4,1,0,0,0,0,0
1256721,8489170971193,5,4,0,6,2,3,0,0,0,0,0
1256722,8505348090846,3,4,0,4,0,3,0,0,0,0,0
1256723,8387548245080,2,4,0,3,0,2,0,0,0,0,0
1256724,8438430880423,4,4,0,5,3,1,0,0,0,0,0
1256725,8516183937781,5,4,0,6,5,0,0,0,0,0,0
1256726,8452851265420,2,4,0,3,1,1,0,0,0,0,0
1256727,8453351628693,2,4,0,3,1,1,0,0,0,0,0
1256728,8495880166742,4,4,0,5,1,3,0,0,0,0,0
1256729,8452839796288,2,4,0,3,1,1,0,0,0,0,0
1256730,8495853273472,4,4,0,5,4,0,0,0,0,0,0
1256731,8492012334687,5,4,0,6,3,2,0,0,0,0,0
1256732,8447054607353,4,4,0,5,3,1,0,0,0,0,0
1256733,8512939721755,4,4,0,5,0,4,0,0,0,0,0
1256734,8494156352207,2,4,0,3,0,2,0,0,0,0,0
1256735,8210515554755,2,4,0,3,0,2,0,0,0,0,0
1256736,8514370831143,3,4,0,4,2,1,0,0,0,0,0
1256737,8210536058489,2,4,0,3,0,2,0,0,0,0,0
1256738,8495650763630,4,4,0,5,0,4,0,0,0,0,0
1256739,8494077219715,2,4,0,3,0,2,0,0,0,0,0
1256740,8210591895978,2,4,0,3,0,2,0,0,0,0,0
1256741,8210627821349,2,4,0,3,0,2,0,0,0,0,0
1256742,8513823482003,3,4,0,4,0,3,0,0,0,0,0
1256743,8211800190425,2,4,0,3,0,2,0,0,0,0,0
1256744,8628980376617,5,4,0,6,3,2,0,0,0,0,0
1256745,8495544978281,4,4,0,5,0,4,0,0,0,0,0
1256746,8439522221630,3,4,0,4,0,3,0,0,0,0,0
1256747,8487078604458,5,4,0,6,2,3,0,0,0,0,0
1256748,8176590578933,2,4,0,3,0,2,0,0,0,0,0
1256749,8511887267454,5,4,0,6,1,4,0,0,0,0,0
1256750,8495490210094,4,4,0,5,4,0,0,0,0,0,0
1256751,8424094456836,1,4,0,2,0,1,0,0,0,0,0
1256752,8591656450940,5,4,0,6,4,1,0,0,0,0,0
1256753,8514915683245,5,4,0,6,4,1,0,0,0,0,0
1256754,8495379074881,2,4,0,3,1,1,0,0,0,0,0
1256755,8504746489442,3,4,0,4,2,1,0,0,0,0,0
1256756,8514079764250,3,4,0,4,3,0,0,0,0,0,0
1256757,8515602625926,5,4,0,6,5,0,0,0,0,0,0
1256758,8456769819214,3,4,0,4,2,1,0,0,0,0,0
1256759,8515516435320,5,4,0,6,5,0,0,0,0,0,0
1256760,8495037136311,4,4,0,5,3,1,0,0,0,0,0
1256761,8430176468014,1,4,0,2,0,1,0,0,0,0,0
1256762,8495074602581,4,4,0,5,3,1,0,0,0,0,0
1256763,8214835473078,6,4,0,7,6,0,0,0,0,0,0
1256764,8515211743053,5,4,0,6,4,1,0,0,0,0,0
1256765,8450340878158,6,4,0,7,4,2,0,0,0,0,0
1256766,8542121072117,5,4,0,6,2,3,0,0,0,0,0
1256767,8379255080509,5,4,0,6,2,3,0,0,0,0,0
1256768,8515362192191,5,4,0,6,5,0,0,0,0,0,0
1256769,8452998463107,4,4,0,5,2,2,0,0,0,0,0
1256770,8318686432562,4,4,0,5,1,3,0,0,0,0,0
1256771,8514972495129,5,4,0,6,5,0,0,0,0,0,0
1256772,8515331646114,5,4,0,6,5,0,0,0,0,0,0
1256773,8515421896173,5,4,0,6,5,0,0,0,0,0,0
1256774,8515243802525,5,4,0,6,5,0,0,0,0,0,0
1256775,8496593659785,4,4,0,5,3,1,0,0,0,0,0
1256776,8267968077327,3,4,0,4,3,0,0,0,0,0,0
1256777,8504133131937,3,4,0,4,1,2,0,0,0,0,0
1256778,8228528503769,6,4,0,7,6,0,0,0,0,0,0
1256779,8231300244032,6,4,0,7,6,0,0,0,0,0,0
1256780,8515091025026,5,4,0,6,5,0,0,0,0,0,0
1256781,8239765617234,6,4,0,7,6,0,0,0,0,0,0
1256782,8515021749974,5,4,0,6,5,0,0,0,0,0,0
1256783,8511432420398,4,4,0,5,2,2,0,0,0,0,0
1256784,8506772812846,4,4,0,5,2,2,0,0,0,0,0
1256785,8514616218151,5,4,0,6,5,0,0,0,0,0,0
1256786,8419590012634,4,4,0,5,3,1,0,0,0,0,0
1256787,8514976247863,5,4,0,6,3,2,0,0,0,0,0
1256788,8515184831411,5,4,0,6,5,0,0,0,0,0,0
1256789,8261140820721,3,4,0,4,2,1,0,0,0,0,0
1256790,8514650196066,5,4,0,6,5,0,0,0,0,0,0
1256791,8235438084181,6,4,0,7,6,0,0,0,0,0,0
1256792,8229519889950,6,4,0,7,5,1,0,0,0,0,0
1256793,8443170455644,4,4,0,5,1,3,0,0,0,0,0
1256794,8514636068372,5,4,0,6,3,2,0,0,0,0,0
1256795,8514716189302,5,4,0,6,5,0,0,0,0,0,0
1256796,8555158888895,5,4,0,6,2,3,0,0,0,0,0
1256797,8464209366566,4,4,0,5,3,1,0,0,0,0,0
1256798,8514501517651,5,4,0,6,5,0,0,0,0,0,0
1256799,8514424898517,5,4,0,6,3,2,0,0,0,0,0
1256800,8241947639827,6,4,0,7,6,0,0,0,0,0,0
1256801,8515818228413,5,4,0,6,4,1,0,0,0,0,0
1256802,8501891703322,2,4,0,3,0,2,0,0,0,0,0
1256803,8514206732447,5,4,0,6,5,0,0,0,0,0,0
1256804,8496205926360,5,4,0,6,3,2,0,0,0,0,0
1256805,8413500000000,0,4,1,0,0,0,0,0,0,0,0
1256806,8375650816180,5,4,0,6,1,4,0,0,0,0,0
1256807,8514171395004,5,4,0,6,5,0,0,0,0,0,0
1256808,8510368243584,4,4,0,5,3,1,0,0,0,0,0
1256809,8515363610375,5,4,0,6,5,0,0,0,0,0,0
1256810,8501261612642,5,4,0,6,3,2,0,0,0,0,0
1256811,8515210081284,5,4,0,6,5,0,0,0,0,0,0
1256812,8136926476777,6,4,0,7,5,1,0,0,0,0,0
1256813,8513368449124,4,4,0,5,1,3,0,0,0,0,0
1256814,8171546226969,5,4,0,6,2,3,0,0,0,0,0
1256815,8458800277068,4,4,0,5,0,4,0,0,0,0,0
1256816,8507921708334,4,4,0,5,1,3,0,0,0,0,0
1256817,8513194298862,4,4,0,5,0,4,0,0,0,0,0
1256818,8927217919330,5,4,0,6,4,1,0,0,0,0,0
1256819,8209737467312,4,4,0,5,1,3,0,0,0,0,0
1256820,8516885163020,5,4,0,6,3,2,0,0,0,0,0
1256821,8497023897302,4,4,0,5,2,2,0,0,0,0,0
1256822,8503570058159,4,4,0,5,0,4,0,0,0,0,0
1256823,8500532077736,4,4,0,5,0,4,0,0,0,0,0
1256824,8495183449582,5,4,0,6,1,4,0,0,0,0,0
1256825,8512372308699,3,4,0,4,2,1,0,0,0,0,0
1256826,8513780264119,5,4,0,6,5,0,0,0,0,0,0
1256827,8513888647527,5,4,0,6,4,1,0,0,0,0,0
1256828,8459632394512,4,4,0,5,3,1,0,0,0,0,0
1256829,8508456113003,5,4,0,6,1,4,0,0,0,0,0
1256830,8514623590957,5,4,0,6,3,2,0,0,0,0,0
1256831,8515203361403,5,4,0,6,2,3,0,0,0,0,0
1256832,8517194391976,4,4,0,5,2,2,0,0,0,0,0
1256833,8521900122356,5,4,0,6,3,2,0,0,0,0,0
1256834,8508946629851,4,4,0,5,1,3,0,0,0,0,0
1256835,8459666883851,4,4,0,5,4,0,0,0,0,0,0
1256836,8498094290311,4,4,0,5,2,2,0,0,0,0,0
1256837,8450742577194,2,4,0,3,1,1,0,0,0,0,0
1256838,8547906702319,5,4,0,6,0,5,0,0,0,0,0
1256839,8514630580618,5,4,0,6,3,2,0,0,0,0,0
1256840,8260601189185,6,4,0,7,6,0,0,0,0,0,0
1256841,8492467147140,5,4,0,6,4,1,0,0,0,0,0
1256842,8497237468463,5,4,0,6,2,3,0,0,0,0,0
1256843,7835339781724,3,4,0,4,1,2,0,0,0,0,0
1256844,8458496520128,2,4,0,3,1,1,0,0,0,0,0
1256845,8472865123061,5,4,0,6,1,4,0,0,0,0,0
1256846,8456173576989,3,4,0,4,1,2,0,0,0,0,0
1256847,8288044716772,4,4,0,5,3,1,0,0,0,0,0
1256848,8511718257535,3,4,0,4,3,0,0,0,0,0,0
1256849,8513097078679,5,4,0,6,5,0,0,0,0,0,0
1256850,8253400903011,6,4,0,7,6,0,0,0,0,0,0
1256851,8270700867272,6,4,0,7,6,0,0,0,0,0,0
1256852,8251230612430,6,4,0,7,5,1,0,0,0,0,0
1256853,8246981990751,6,4,0,7,4,2,0,0,0,0,0
1256854,8276438929051,6,4,0,7,5,1,0,0,0,0,0
1256855,8306789766422,6,4,0,7,5,1,0,0,0,0,0
1256856,8269000906123,6,4,0,7,5,1,0,0,0,0,0
1256857,8512245762768,5,4,0,6,5,0,0,0,0,0,0
1256858,8479134738490,2,4,0,3,0,2,0,0,0,0,0
1256859,8512478656961,5,4,0,6,5,0,0,0,0,0,0
1256860,8271141496343,2,4,0,3,0,2,0,0,0,0,0
1256861,8483332254483,3,4,0,4,2,1,0,0,0,0,0
1256862,8499848170629,3,4,0,4,1,2,0,0,0,0,0
1256863,8472548780150,3,4,0,4,1,2,0,0,0,0,0
1256864,8479911485599,2,4,0,3,0,2,0,0,0,0,0
1256865,8294713342343,6,4,0,7,5,1,0,0,0,0,0
1256866,8477803048864,3,4,0,4,2,1,0,0,0,0,0
1256867,8517961364735,5,4,0,6,4,1,0,0,0,0,0
1256868,8491733195479,2,4,0,3,1,1,0,0,0,0,0
1256869,8462399012058,4,4,0,5,0,4,0,0,0,0,0
1256870,8054907638182,3,4,0,4,0,3,0,0,0,0,0
1256871,8291798548773,6,4,0,7,6,0,0,0,0,0,0
1256872,8510474214509,3,4,0,4,2,1,0,0,0,0,0
1256873,8480630362075,4,4,0,5,3,1,0,0,0,0,0
1256874,7973817824462,3,4,0,4,2,1,0,0,0,0,0
1256875,8511958106398,5,4,0,6,5,0,0,0,0,0,0
1256876,8492057052060,2,4,0,3,0,2,0,0,0,0,0
1256877,8511331079321,5,4,0,6,4,1,0,0,0,0,0
1256878,8509554784755,2,4,0,3,1,1,0,0,0,0,0
1256879,7935726796851,5,4,0,6,1,4,0,0,0,0,0
1256880,8511135055452,5,4,0,6,5,0,0,0,0,0,0
1256881,8510886965058,5,4,0,6,3,2,0,0,0,0,0
1256882,8510716072919,5,4,0,6,0,5,0,0,0,0,0
1256883,8543462032835,5,4,0,6,2,3,0,0,0,0,0
1256884,8497407530858,2,4,0,3,1,1,0,0,0,0,0
1256885,8484037518384,5,4,0,6,4,1,0,0,0,0,0
1256886,8317956195610,6,4,0,7,5,1,0,0,0,0,0
1256887,7981759396834,3,4,0,4,1,2,0,0,0,0,0
1256888,8510432015695,5,4,0,6,2,3,0,0,0,0,0
1256889,8587873930176,2,4,0,3,1,1,0,0,0,0,0
1256890,8277842566835,6,4,0,7,1,5,0,0,0,0,0
1256891,8506467183947,2,4,0,3,0,2,0,0,0,0,0
1256892,8497982916005,4,4,0,5,0,4,0,0,0,0,0
1256893,8490401924657,3,4,0,4,2,1,0,0,0,0,0
1256894,8517351254132,2,4,0,3,1,1,0,0,0,0,0
1256895,8319314425304,4,4,0,5,0,4,0,0,0,0,0
1256896,8321380687984,5,4,0,6,3,2,0,0,0,0,0
1256897,8241967426586,5,4,0,6,1,4,0,0,0,0,0
1256898,8353288775983,6,4,0,7,6,0,0,0,0,0,0
1256899,8373080863451,6,4,0,7,2,4,0,0,0,0,0
1256900,8627742127072,2,4,0,3,0,2,0,0,0,0,0
1256901,8381821829851,6,4,0,7,5,1,0,0,0,0,0
1256902,8442035394777,3,4,0,4,0,3,0,0,0,0,0
1256903,8490264808594,5,4,0,6,2,3,0,0,0,0,0
1256904,8409047501496,6,4,0,7,6,0,0,0,0,0,0
1256905,8500488332619,5,4,0,6,4,1,0,0,0,0,0
1256906,8538549055273,2,4,0,3,0,2,0,0,0,0,0
1256907,8231348706383,5,4,0,6,3,2,0,0,0,0,0
1256908,8460794091100,4,4,0,5,2,2,0,0,0,0,0
1256909,8502714520941,2,4,0,3,0,2,0,0,0,0,0
1256910,8407153827605,6,4,0,7,0,6,0,0,0,0,0
1256911,8410524300291,6,4,0,7,0,6,0,0,0,0,0
1256912,8794128842094,6,4,0,7,3,3,0,0,0,0,0
1256913,8265164234114,3,4,0,4,1,2,0,0,0,0,0
1256914,8502959754707,4,4,0,5,1,3,0,0,0,0,0
1256915,8545648983406,5,4,0,6,3,2,0,0,0,0,0
1256916,8487336003071,5,4,0,6,2,3,0,0,0,0,0
1256917,8435607837384,6,4,0,7,6,0,0,0,0,0,0
1256918,7920794862257,5,4,0,6,3,2,0,0,0,0,0
1256919,8404250039203,6,4,0,7,0,6,0,0,0,0,0
1256920,8505118217993,5,4,0,6,2,3,0,0,0,0,0
1256921,8428259228297,6,4,0,7,2,4,0,0,0,0,0
1256922,8283654780596,3,4,0,4,2,1,0,0,0,0,0
1256923,8282548173841,3,4,0,4,2,1,0,0,0,0,0
1256924,8421815084286,6,4,0,7,4,2,0,0,0,0,0
1256925,8381913234770,3,4,0,4,1,2,0,0,0,0,0
1256926,7977331780920,3,4,0,4,1,2,0,0,0,0,0
1256927,8277251960596,6,4,0,7,0,6,0,0,0,0,0
1256928,8454247788870,4,4,0,5,0,4,0,0,0,0,0
1256929,8474056898216,3,4,0,4,2,1,0,0,0,0,0
1256930,8469765431643,6,4,0,7,6,0,0,0,0,0,0
1256931,8478465663107,6,4,0,7,6,0,0,0,0,0,0
1256932,8338219234153,3,4,0,4,2,1,0,0,0,0,0
1256933,8486081921862,5,4,0,6,3,2,0,0,0,0,0
1256934,8481341578383,6,4,0,7,4,2,0,0,0,0,0
1256935,8411514953956,0,4,0,1,0,0,0,0,0,0,0
1256936,8485412557434,4,4,0,5,0,4,0,0,0,0,0
1256937,8495239754225,6,4,0,7,4,2,0,0,0,0,0
1256938,8584548538595,6,4,0,7,4,2,0,0,0,0,0
1256939,8485615486579,5,4,0,6,2,3,0,0,0,0,0
1256940,8439972457505,4,4,0,5,2,2,0,0,0,0,0
1256941,8463500559921,3,4,0,4,2,1,0,0,0,0,0
1256942,8521361542407,6,4,0,7,6,0,0,0,0,0,0
1256943,8503330489865,5,4,0,6,3,2,0,0,0,0,0
1256944,8468538101593,3,4,0,4,1,2,0,0,0,0,0
1256945,8491053370980,3,4,0,4,2,1,0,0,0,0,0
1256946,8493904791042,3,4,0,4,2,1,0,0,0,0,0
1256947,8519650920745,6,4,0,7,6,0,0,0,0,0,0
1256948,8520008111839,6,4,0,7,6,0,0,0,0,0,0
1256949,8485155383449,6,4,0,7,2,4,0,0,0,0,0
1256950,8453232490579,5,4,0,6,2,3,0,0,0,0,0
1256951,8520552302117,6,4,0,7,4,2,0,0,0,0,0
1256952,8504916203148,5,4,0,6,5,0,0,0,0,0,0
1256953,8088604191190,4,4,0,5,1,3,0,0,0,0,0
1256954,8495928895209,3,4,0,4,2,1,0,0,0,0,0
1256955,8321109741443,3,4,0,4,1,2,0,0,0,0,0
1256956,8487823392711,3,4,0,4,1,2,0,0,0,0,0
1256957,8495433403662,5,4,0,6,2,3,0,0,0,0,0
1256958,8463615293233,4,4,0,5,1,3,0,0,0,0,0
1256959,8507261010903,3,4,0,4,2,1,0,0,0,0,0
1256960,8500544629768,2,4,0,3,1,1,0,0,0,0,0
1256961,8302489532890,7,4,0,8,7,0,0,0,0,0,0
1256962,8480369657297,5,4,0,6,5,0,0,0,0,0,0
1256963,8496835344899,5,4,0,6,1,4,0,0,0,0,0
1256964,8508739732302,6,4,0,7,5,1,0,0,0,0,0
1256965,8579484471534,6,4,0,7,1,5,0,0,0,0,0
1256966,8318654402832,5,4,0,6,4,1,0,0,0,0,0
1256967,8499983752023,5,4,0,6,4,1,0,0,0,0,0
1256968,8429359920327,6,4,0,7,2,4,0,0,0,0,0
1256969,8518316314046,6,4,0,7,4,2,0,0,0,0,0
1256970,8519558583721,6,4,0,7,4,2,0,0,0,0,0
1256971,8503607859657,4,4,0,5,1,3,0,0,0,0,0
1256972,8437125785661,6,4,0,7,4,2,0,0,0,0,0
1256973,8521300276764,6,4,0,7,6,0,0,0,0,0,0
1256974,8473599590974,6,4,0,7,3,3,0,0,0,0,0
1256975,8031312597112,7,4,0,8,4,3,0,0,0,0,0
1256976,8522519184952,6,4,0,7,5,1,0,0,0,0,0
1256977,8515794716882,6,4,0,7,5,1,0,0,0,0,0
1256978,8336330685343,7,4,0,8,6,1,0,0,0,0,0
1256979,8177365672180,4,4,0,5,2,2,0,0,0,0,0
1256980,8494149599726,5,4,0,6,0,5,0,0,0,0,0
1256981,8501309910907,5,4,0,6,3,2,0,0,0,0,0
1256982,8510769183147,6,4,0,7,5,1,0,0,0,0,0
1256983,8341518668274,5,4,0,6,4,1,0,0,0,0,0
1256984,8512863322058,5,4,0,6,1,4,0,0,0,0,0
1256985,8638201339943,6,4,0,7,2,4,0,0,0,0,0
1256986,7934349181038,6,4,0,7,2,4,0,0,0,0,0
1256987,8322035089447,7,4,0,8,5,2,0,0,0,0,0
1256988,8362693977717,3,4,0,4,1,2,0,0,0,0,0
1256989,8519624622625,6,4,0,7,4,2,0,0,0,0,0
1256990,8501171525293,5,4,0,6,2,3,0,0,0,0,0
1256991,8488089196366,4,4,0,5,3,1,0,0,0,0,0
1256992,8510490019951,6,4,0,7,2,4,0,0,0,0,0
1256993,8521271962105,5,4,0,6,5,0,0,0,0,0,0
1256994,8548989144162,6,4,0,7,5,1,0,0,0,0,0
1256995,8513135724080,6,4,0,7,2,4,0,0,0,0,0
1256996,8509909476337,6,4,0,7,2,4,0,0,0,0,0
1256997,8225399397127,5,4,0,6,3,2,0,0,0,0,0
1256998,8489823575998,4,4,0,5,2,2,0,0,0,0,0
1256999,8480798261167,5,4,0,6,3,2,0,0,0,0,0
1257000,8506442186211,4,4,0,5,0,4,0,0,0,0,0
1257001,8521728235226,6,4,0,7,4,2,0,0,0,0,0
1257002,8527577797782,6,4,0,7,6,0,0,0,0,0,0
1257003,8346451420348,7,4,0,8,5,2,0,0,0,0,0
1257004,8522945550336,6,4,0,7,5,1,0,0,0,0,0
1257005,8508465867049,4,4,0,5,2,2,0,0,0,0,0
1257006,8648693979801,6,4,0,7,1,5,0,0,0,0,0
1257007,8399146772711,3,4,0,4,1,2,0,0,0,0,0
1257008,8509691338316,6,4,0,7,4,2,0,0,0,0,0
1257009,8518351653511,6,4,0,7,5,1,0,0,0,0,0
1257010,8521628168826,6,4,0,7,6,0,0,0,0,0,0
1257011,8522639579006,6,4,0,7,5,1,0,0,0,0,0
1257012,8499284028056,3,4,0,4,1,2,0,0,0,0,0
1257013,8465126189498,5,4,0,6,3,2,0,0,0,0,0
1257014,8535755602940,6,4,0,7,3,3,0,0,0,0,0
1257015,8500662899251,5,4,0,6,1,4,0,0,0,0,0
1257016,8472611688921,3,4,0,4,0,3,0,0,0,0,0
1257017,8540210481260,2,4,0,3,1,1,0,0,0,0,0
1257018,8380166370630,5,4,0,6,4,1,0,0,0,0,0
1257019,8551593214998,3,4,0,4,1,2,0,0,0,0,0
1257020,8476543596559,4,4,0,5,3,1,0,0,0,0,0
1257021,8510146736293,1,4,0,2,0,1,0,0,0,0,0
1257022,8527992276319,2,4,0,3,1,1,0,0,0,0,0
1257023,8517028398028,3,4,0,4,1,2,0,0,0,0,0
1257024,8525675062251,6,4,0,7,4,2,0,0,0,0,0
1257025,8526668299303,2,4,0,3,1,1,0,0,0,0,0
1257026,8508264341224,4,4,0,5,2,2,0,0,0,0,0
1257027,8323670249028,5,4,0,6,4,1,0,0,0,0,0
1257028,8491610711571,5,4,0,6,5,0,0,0,0,0,0
1257029,8508111732413,3,4,0,4,1,2,0,0,0,0,0
1257030,8483653798108,4,4,0,5,2,2,0,0,0,0,0
1257031,8377115159129,2,4,0,3,0,2,0,0,0,0,0
1257032,8499115472859,3,4,0,4,1,2,0,0,0,0,0
1257033,8499099275553,3,4,0,4,1,2,0,0,0,0,0
1257034,8505855475349,3,4,0,4,0,3,0,0,0,0,0
1257035,8499067079216,3,4,0,4,0,3,0,0,0,0,0
1257036,8509238188054,6,4,0,7,2,4,0,0,0,0,0
1257037,8500307897542,4,4,0,5,0,4,0,0,0,0,0
1257038,8509205949080,2,4,0,3,0,2,0,0,0,0,0
1257039,8644416917895,6,4,0,7,4,2,0,0,0,0,0
1257040,8393715207785,2,4,0,3,0,2,0,0,0,0,0
1257041,8393725669760,2,4,0,3,0,2,0,0,0,0,0
1257042,8176213651354,4,4,0,5,3,1,0,0,0,0,0
1257043,8498939289976,3,4,0,4,2,1,0,0,0,0,0
1257044,8497641599325,2,4,0,3,0,2,0,0,0,0,0
1257045,8498920758171,3,4,0,4,1,2,0,0,0,0,0
1257046,8529544328129,2,4,0,3,0,2,0,0,0,0,0
1257047,8079850414321,5,4,0,6,1,4,0,0,0,0,0
1257048,8498889952186,3,4,0,4,1,2,0,0,0,0,0
1257049,8489508539084,3,4,0,4,0,3,0,0,0,0,0
1257050,8391201451469,2,4,0,3,0,2,0,0,0,0,0
1257051,8498864581495,2,4,0,3,0,2,0,0,0,0,0
1257052,8490700495484,4,4,0,5,2,2,0,0,0,0,0
1257053,8498809968890,3,4,0,4,2,1,0,0,0,0,0
1257054,8391191139185,2,4,0,3,0,2,0,0,0,0,0
1257055,8469746743546,5,4,0,6,2,3,0,0,0,0,0
1257056,8391159890192,2,4,0,3,0,2,0,0,0,0,0
1257057,8500049433146,3,4,0,4,1,2,0,0,0,0,0
1257058,8499064016120,3,4,0,4,0,3,0,0,0,0,0
1257059,8499987753951,3,4,0,4,1,2,0,0,0,0,0
1257060,8483933748828,4,4,0,5,1,3,0,0,0,0,0
1257061,8500015937183,3,4,0,4,0,3,0,0,0,0,0
1257062,8498881797580,3,4,0,4,3,0,0,0,0,0,0
1257063,8456669746595,4,4,0,5,0,4,0,0,0,0,0
1257064,8441149662553,3,4,0,4,1,2,0,0,0,0,0
1257065,8485799328602,4,4,0,5,2,2,0,0,0,0,0
1257066,8499997096569,4,4,0,5,4,0,0,0,0,0,0
1257067,8508915292087,6,4,0,7,6,0,0,0,0,0,0
1257068,8060445758613,4,4,0,5,1,3,0,0,0,0,0
1257069,8389684883236,3,4,0,4,0,3,0,0,0,0,0
1257070,8480014625211,3,4,0,4,0,3,0,0,0,0,0
1257071,8492274939713,4,4,0,5,3,1,0,0,0,0,0
1257072,8499985869527,4,4,0,5,3,1,0,0,0,0,0
1257073,8508807343621,6,4,0,7,4,2,0,0,0,0,0
1257074,8508743863115,6,4,0,7,5,1,0,0,0,0,0
1257075,8499838564767,4,4,0,5,4,0,0,0,0,0,0
1257076,8508959296999,6,4,0,7,6,0,0,0,0,0,0
1257077,8148523608192,4,4,0,5,1,3,0,0,0,0,0
1257078,8354699173426,3,4,0,4,1,2,0,0,0,0,0
1257079,8354713501622,3,4,0,4,1,2,0,0,0,0,0
1257080,8355148515379,3,4,0,4,0,3,0,0,0,0,0
1257081,8352552035378,3,4,0,4,0,3,0,0,0,0,0
1257082,8507629564502,4,4,0,5,3,1,0,0,0,0,0
1257083,8369200723969,7,4,0,8,7,0,0,0,0,0,0
1257084,8501113973561,5,4,0,6,3,2,0,0,0,0,0
1257085,8494695776246,5,4,0,6,3,2,0,0,0,0,0
1257086,8446662179238,3,4,0,4,1,2,0,0,0,0,0
1257087,8510993428457,6,4,0,7,4,2,0,0,0,0,0
1257088,8512570905072,3,4,0,4,1,2,0,0,0,0,0
1257089,8525747899817,2,4,0,3,0,2,0,0,0,0,0
1257090,8531780027174,6,4,0,7,3,3,0,0,0,0,0
1257091,8525743352885,2,4,0,3,1,1,0,0,0,0,0
1257092,8500130072638,4,4,0,5,3,1,0,0,0,0,0
1257093,8509262581761,6,4,0,7,6,0,0,0,0,0,0
1257094,8486369399956,5,4,0,6,5,0,0,0,0,0,0
1257095,8577067793518,5,4,0,6,5,0,0,0,0,0,0
1257096,8115781472590,4,4,0,5,3,1,0,0,0,0,0
1257097,8508492498394,3,4,0,4,2,1,0,0,0,0,0
1257098,8587609128610,3,4,0,4,1,2,0,0,0,0,0
1257099,8508905745799,1,4,0,2,0,1,0,0,0,0,0
1257100,8505458727078,3,4,0,4,2,1,0,0,0,0,0
1257101,8534873738851,2,4,0,3,1,1,0,0,0,0,0
1257102,8525610583929,2,4,0,3,0,2,0,0,0,0,0
1257103,8508841661574,1,4,0,2,0,1,0,0,0,0,0
1257104,8508825622981,1,4,0,2,0,1,0,0,0,0,0
1257105,8525638239002,2,4,0,3,0,2,0,0,0,0,0
1257106,8544793545888,2,4,0,3,0,2,0,0,0,0,0
1257107,8508777507387,1,4,0,2,0,1,0,0,0,0,0
1257108,8492423220971,3,4,0,4,1,2,0,0,0,0,0
1257109,8591626616293,4,4,0,5,2,2,0,0,0,0,0
1257110,8459235056150,3,4,0,4,2,1,0,0,0,0,0
1257111,8508713449073,1,4,0,2,0,1,0,0,0,0,0
1257112,8525532536071,2,4,0,3,1,1,0,0,0,0,0
1257113,8577070781923,3,4,0,4,2,1,0,0,0,0,0
1257114,8508665426524,1,4,0,2,0,1,0,0,0,0,0
1257115,7918141963661,4,4,0,5,0,4,0,0,0,0,0
1257116,8856787565451,3,4,0,4,1,2,0,0,0,0,0
1257117,8492793344548,5,4,0,6,5,0,0,0,0,0,0
1257118,8483712212759,3,4,0,4,1,2,0,0,0,0,0
1257119,8508586463114,1,4,0,2,0,1,0,0,0,0,0
1257120,8442258758570,2,4,0,3,2,0,0,0,0,0,0
1257121,8077410998851,2,4,0,3,1,1,0,0,0,0,0
1257122,8508539266171,1,4,0,2,0,1,0,0,0,0,0
1257123,8508523228155,1,4,0,2,0,1,0,0,0,0,0
1257124,8482014311591,3,4,0,4,2,1,0,0,0,0,0
1257125,8526159294337,2,4,0,3,1,1,0,0,0,0,0
1257126,8491479204449,4,4,0,5,3,1,0,0,0,0,0
1257127,8500876200418,5,4,0,6,2,3,0,0,0,0,0
1257128,8464310223743,3,4,0,4,1,2,0,0,0,0,0
1257129,8317969114446,5,4,0,6,4,1,0,0,0,0,0
1257130,8464231064236,4,4,0,5,1,3,0,0,0,0,0
1257131,8547871979738,2,4,0,3,0,2,0,0,0,0,0
1257132,8414307622529,5,4,0,6,1,4,0,0,0,0,0
1257133,8527161442290,6,4,0,7,6,0,0,0,0,0,0
1257134,8526516108062,2,4,0,3,1,1,0,0,0,0,0
1257135,8508331659788,1,4,0,2,0,1,0,0,0,0,0
1257136,8508315622168,1,4,0,2,0,1,0,0,0,0,0
1257137,8526456071434,2,4,0,3,1,1,0,0,0,0,0
1257138,8471132839347,2,4,0,3,1,1,0,0,0,0,0
1257139,8582338015652,5,4,0,6,2,3,0,0,0,0,0
1257140,8462756080100,3,4,0,4,2,1,0,0,0,0,0
1257141,8526423504479,2,4,0,3,1,1,0,0,0,0,0
1257142,8359078961774,3,4,0,4,0,3,0,0,0,0,0
1257143,8526409385159,2,4,0,3,1,1,0,0,0,0,0
1257144,8526393313827,2,4,0,3,0,2,0,0,0,0,0
1257145,8385372331899,4,4,0,5,3,1,0,0,0,0,0
1257146,8499183881165,5,4,0,6,5,0,0,0,0,0,0
1257147,8508975787595,5,4,0,6,4,1,0,0,0,0,0
1257148,8508123792211,1,4,0,2,0,1,0,0,0,0,0
1257149,8508107754988,1,4,0,2,0,1,0,0,0,0,0
1257150,8508091717795,1,4,0,2,0,1,0,0,0,0,0
1257151,8508075680633,1,4,0,2,0,1,0,0,0,0,0
1257152,8474234476162,2,4,0,3,1,1,0,0,0,0,0
1257153,8508043606400,1,4,0,2,0,1,0,0,0,0,0
1257154,8526333731165,2,4,0,3,0,2,0,0,0,0,0
1257155,8508011532290,1,4,0,2,0,1,0,0,0,0,0
1257156,8526301877686,2,4,0,3,1,1,0,0,0,0,0
1257157,8507979458302,1,4,0,2,0,1,0,0,0,0,0
1257158,8500903022474,5,4,0,6,4,1,0,0,0,0,0
1257159,8526253627183,2,4,0,3,1,1,0,0,0,0,0
1257160,8507931963968,4,4,0,5,2,2,0,0,0,0,0
1257161,8535573786205,2,4,0,3,0,2,0,0,0,0,0
1257162,8464240221878,3,4,0,4,2,1,0,0,0,0,0
1257163,8507883237723,1,4,0,2,0,1,0,0,0,0,0
1257164,8461682001978,5,4,0,6,5,0,0,0,0,0,0
1257165,8455752631590,6,4,0,7,6,0,0,0,0,0,0
1257166,8500990620460,5,4,0,6,2,3,0,0,0,0,0
1257167,8443136006435,6,4,0,7,4,2,0,0,0,0,0
1257168,8579531865646,2,4,0,3,0,2,0,0,0,0,0
1257169,8499531019367,5,4,0,6,4,1,0,0,0,0,0
1257170,8499409058772,5,4,0,6,4,1,0,0,0,0,0
1257171,8509305432285,5,4,0,6,2,3,0,0,0,0,0
1257172,8464653662169,3,4,0,4,3,0,0,0,0,0,0
1257173,8604043277622,2,4,0,3,0,2,0,0,0,0,0
1257174,8407700000000,0,4,1,0,0,0,0,0,0,0,0
1257175,8473615127688,2,4,0,3,1,1,0,0,0,0,0
1257176,8257594424526,3,4,0,4,1,2,0,0,0,0,0
1257177,8507458642336,5,4,0,6,3,2,0,0,0,0,0
1257178,8522186349485,2,4,0,3,0,2,0,0,0,0,0
1257179,8449335711154,6,4,0,7,4,2,0,0,0,0,0
1257180,8352363770072,3,4,0,4,1,2,0,0,0,0,0
1257181,8467123159800,4,4,0,5,3,1,0,0,0,0,0
1257182,8497275313797,4,4,0,5,3,1,0,0,0,0,0
1257183,8285612158288,3,4,0,4,2,1,0,0,0,0,0
1257184,8528397161150,2,4,0,3,0,2,0,0,0,0,0
1257185,8287166268102,3,4,0,4,2,1,0,0,0,0,0
1257186,8452895675151,6,4,0,7,5,1,0,0,0,0,0
1257187,8284815888020,3,4,0,4,2,1,0,0,0,0,0
1257188,8451781123420,6,4,0,7,4,2,0,0,0,0,0
1257189,8486894608394,4,4,0,5,4,0,0,0,0,0,0
1257190,8527280410996,2,4,0,3,1,1,0,0,0,0,0
1257191,8271604437691,3,4,0,4,2,1,0,0,0,0,0
1257192,8507422264787,1,4,0,2,0,1,0,0,0,0,0
1257193,8508100011124,5,4,0,6,4,1,0,0,0,0,0
1257194,8528205955509,2,4,0,3,0,2,0,0,0,0,0
1257195,8447130848233,2,4,0,3,2,0,0,0,0,0,0
1257196,8507358122466,1,4,0,2,0,1,0,0,0,0,0
1257197,8514147398393,3,4,0,4,0,3,0,0,0,0,0
1257198,8428781497039,1,4,0,2,0,1,0,0,0,0,0
1257199,8427145211767,1,4,0,2,1,0,0,0,0,0,0
1257200,8527012243862,2,4,0,3,1,1,0,0,0,0,0
1257201,8507277944180,1,4,0,2,0,1,0,0,0,0,0
1257202,8467030195161,3,4,0,4,2,1,0,0,0,0,0
1257203,8507245872990,1,4,0,2,0,1,0,0,0,0,0
1257204,8508503468999,5,4,0,6,2,3,0,0,0,0,0
1257205,8490284180806,2,4,0,3,1,1,0,0,0,0,0
1257206,8503934386537,2,4,0,3,0,2,0,0,0,0,0
1257207,8322122062688,3,4,0,4,3,0,0,0,0,0,0
1257208,8507038290022,5,4,0,6,3,2,0,0,0,0,0
1257209,8590009910162,5,4,0,6,5,0,0,0,0,0,0
1257210,8481090698293,2,4,0,3,1,1,0,0,0,0,0
1257211,8336230212177,6,4,0,7,4,2,0,0,0,0,0
1257212,8407102542476,0,4,0,1,0,0,0,0,0,0,0
1257213,8407086507201,0,4,0,1,0,0,0,0,0,0,0
1257214,8428430844178,1,4,0,2,0,1,0,0,0,0,0
1257215,8446723623779,2,4,0,3,1,1,0,0,0,0,0
1257216,8426960634108,1,4,0,2,1,0,0,0,0,0,0
1257217,8426944598955,1,4,0,2,1,0,0,0,0,0,0
1257218,8407006331282,0,4,0,1,0,0,0,0,0,0,0
1257219,8426977692359,1,4,0,2,1,0,0,0,0,0,0
1257220,8446949015337,2,4,0,3,1,1,0,0,0,0,0
1257221,8406958226097,0,4,0,1,0,0,0,0,0,0,0
1257222,8438942191097,1,4,0,2,0,1,0,0,0,0,0
1257223,8453446886967,2,4,0,3,1,1,0,0,0,0,0
1257224,8269496240343,3,4,0,4,0,3,0,0,0,0,0
1257225,8468507419140,1,4,0,2,1,0,0,0,0,0,0
1257226,8517010386480,4,4,0,5,1,3,0,0,0,0,0
1257227,8468475128336,1,4,0,2,0,1,0,0,0,0,0
1257228,8447391544487,2,4,0,3,1,1,0,0,0,0,0
1257229,8457093175685,2,4,0,3,0,2,0,0,0,0,0
1257230,8429513666543,1,4,0,2,0,1,0,0,0,0,0
1257231,8435983132641,1,4,0,2,0,1,0,0,0,0,0
1257232,8428640020013,1,4,0,2,0,1,0,0,0,0,0
1257233,8450194204091,4,4,0,5,2,2,0,0,0,0,0
1257234,8472323280360,3,4,0,4,2,1,0,0,0,0,0
1257235,8428591936274,1,4,0,2,1,0,0,0,0,0,0
1257236,8406718350621,0,4,0,1,0,0,0,0,0,0,0
1257237,8434702316079,1,4,0,2,0,1,0,0,0,0,0
1257238,8433587728975,1,4,0,2,0,1,0,0,0,0,0
1257239,8428527631413,1,4,0,2,1,0,0,0,0,0,0
1257240,8406654212634,0,4,0,1,0,0,0,0,0,0,0
1257241,8452034110948,2,4,0,3,0,2,0,0,0,0,0
1257242,8470336662334,4,4,0,5,1,3,0,0,0,0,0
1257243,8499078953004,4,4,0,5,1,3,0,0,0,0,0
1257244,8502425525841,2,4,0,3,1,1,0,0,0,0,0
1257245,8551969761923,3,4,0,4,0,3,0,0,0,0,0
1257246,8462028359394,3,4,0,4,2,1,0,0,0,0,0
1257247,8460034804728,5,4,0,6,5,0,0,0,0,0,0
1257248,8050954681704,4,4,0,5,2,2,0,0,0,0,0
1257249,8453621351003,5,4,0,6,4,1,0,0,0,0,0
1257250,8500066223423,4,4,0,5,3,1,0,0,0,0,0
1257251,8458335962906,4,4,0,5,1,3,0,0,0,0,0
1257252,8498934311372,4,4,0,5,3,1,0,0,0,0,0
1257253,8495555727364,4,4,0,5,3,1,0,0,0,0,0
1257254,8406430973466,0,4,0,1,0,0,0,0,0,0,0
1257255,8367132632143,5,4,0,6,2,3,0,0,0,0,0
1257256,7886005439553,3,4,0,4,0,3,0,0,0,0,0
1257257,8485823808811,4,4,0,5,1,3,0,0,0,0,0
1257258,8458225182756,4,4,0,5,0,4,0,0,0,0,0
1257259,8495460142169,4,4,0,5,2,2,0,0,0,0,0
1257260,8492081947529,2,4,0,3,1,1,0,0,0,0,0
1257261,8492065913714,2,4,0,3,1,1,0,0,0,0,0
1257262,8463786052867,5,4,0,6,5,0,0,0,0,0,0
1257263,8463703801133,5,4,0,6,5,0,0,0,0,0,0
1257264,8486973644925,3,4,0,4,2,1,0,0,0,0,0
1257265,8503770487589,3,4,0,4,1,2,0,0,0,0,0
1257266,8431600309697,4,4,0,5,0,4,0,0,0,0,0
1257267,8447895923376,5,4,0,6,5,0,0,0,0,0,0
1257268,8493634994528,4,4,0,5,3,1,0,0,0,0,0
1257269,8493618877914,4,4,0,5,3,1,0,0,0,0,0
1257270,8434256793375,4,4,0,5,1,3,0,0,0,0,0
1257271,8180859694908,4,4,0,5,3,1,0,0,0,0,0
1257272,8187894308273,5,4,0,6,1,4,0,0,0,0,0
1257273,8233845261586,4,4,0,5,3,1,0,0,0,0,0
1257274,8493538316998,4,4,0,5,3,1,0,0,0,0,0
1257275,8456465355309,5,4,0,6,5,0,0,0,0,0,0
1257276,8459529846307,5,4,0,6,5,0,0,0,0,0,0
1257277,8459514142122,5,4,0,6,5,0,0,0,0,0,0
1257278,8259709925905,5,4,0,6,1,4,0,0,0,0,0
1257279,8463537986269,5,4,0,6,5,0,0,0,0,0,0
1257280,8493442442220,4,4,0,5,0,4,0,0,0,0,0
1257281,8158228066680,5,4,0,6,3,2,0,0,0,0,0
1257282,8459548069459,5,4,0,6,5,0,0,0,0,0,0
1257283,8451677421516,5,4,0,6,4,1,0,0,0,0,0
1257284,8501784186660,2,4,0,3,1,1,0,0,0,0,0
1257285,8493362016093,4,4,0,5,3,1,0,0,0,0,0
1257286,8471702437667,2,4,0,3,1,1,0,0,0,0,0
1257287,8435089114008,5,4,0,6,4,1,0,0,0,0,0
1257288,8459450662381,5,4,0,6,5,0,0,0,0,0,0
1257289,8495833402959,4,4,0,5,3,1,0,0,0,0,0
1257290,8459444839086,5,4,0,6,5,0,0,0,0,0,0
1257291,8503355248337,3,4,0,4,3,0,0,0,0,0,0
1257292,8491567926431,3,4,0,4,1,2,0,0,0,0,0
1257293,7877176228656,5,4,0,6,0,5,0,0,0,0,0
1257294,8481362845852,4,4,0,5,2,2,0,0,0,0,0
1257295,8504970062185,2,4,0,3,1,1,0,0,0,0,0
1257296,8459208225487,5,4,0,6,5,0,0,0,0,0,0
1257297,8451985866768,5,4,0,6,4,1,0,0,0,0,0
1257298,8462371550215,5,4,0,6,5,0,0,0,0,0,0
1257299,8150315213940,4,4,0,5,0,4,0,0,0,0,0
1257300,8230757893316,4,4,0,5,3,1,0,0,0,0,0
1257301,8463166206465,5,4,0,6,5,0,0,0,0,0,0
1257302,8463043225802,5,4,0,6,5,0,0,0,0,0,0
1257303,8455218563472,5,4,0,6,4,1,0,0,0,0,0
1257304,8459435300321,2,4,0,3,2,0,0,0,0,0,0
1257305,8571187060696,4,4,0,5,3,1,0,0,0,0,0
1257306,8453887375036,5,4,0,6,4,1,0,0,0,0,0
1257307,8427445705439,1,4,0,2,1,0,0,0,0,0,0
1257308,8405575094742,0,4,0,1,0,0,0,0,0,0,0
1257309,8503063733424,2,4,0,3,0,2,0,0,0,0,0
1257310,8462974283621,5,4,0,6,5,0,0,0,0,0,0
1257311,8395315085535,5,4,0,6,3,2,0,0,0,0,0
1257312,8451988297242,5,4,0,6,4,1,0,0,0,0,0
1257313,8427349801283,1,4,0,2,1,0,0,0,0,0,0
1257314,8449187933196,2,4,0,3,1,1,0,0,0,0,0
1257315,8494561406178,4,4,0,5,1,3,0,0,0,0,0
1257316,8502950667436,2,4,0,3,0,2,0,0,0,0,0
1257317,8402095050594,5,4,0,6,3,2,0,0,0,0,0
1257318,8504472116537,2,4,0,3,0,2,0,0,0,0,0
1257319,8465834797313,3,4,0,4,3,0,0,0,0,0,0
1257320,8458892307250,5,4,0,6,5,0,0,0,0,0,0
1257321,8416839447100,5,4,0,6,0,5,0,0,0,0,0
1257322,8451925337349,5,4,0,6,4,1,0,0,0,0,0
1257323,8453615834187,5,4,0,6,4,1,0,0,0,0,0
1257324,8472563512158,3,4,0,4,2,1,0,0,0,0,0
1257325,8538521210231,5,4,0,6,5,0,0,0,0,0,0
1257326,8093645046255,5,4,0,6,3,2,0,0,0,0,0
1257327,8470837173112,3,4,0,4,1,2,0,0,0,0,0
1257328,8482007552249,2,4,0,3,0,2,0,0,0,0,0
1257329,8470674257980,3,4,0,4,2,1,0,0,0,0,0
1257330,8492469196020,4,4,0,5,3,1,0,0,0,0,0
1257331,8449047184196,5,4,0,6,3,2,0,0,0,0,0
1257332,8498303737394,4,4,0,5,3,1,0,0,0,0,0
1257333,8490663146897,4,4,0,5,4,0,0,0,0,0,0
1257334,8476343409058,3,4,0,4,2,1,0,0,0,0,0
1257335,8426516325366,1,4,0,2,0,1,0,0,0,0,0
1257336,8447871662557,2,4,0,3,2,0,0,0,0,0,0
1257337,8492681675677,4,4,0,5,2,2,0,0,0,0,0
1257338,8501966900437,4,4,0,5,2,2,0,0,0,0,0
1257339,8448702191810,2,4,0,3,2,0,0,0,0,0,0
1257340,8426917845914,1,4,0,2,1,0,0,0,0,0,0
1257341,8504228367490,2,4,0,3,0,2,0,0,0,0,0
1257342,8491245268658,3,4,0,4,2,1,0,0,0,0,0
1257343,8502515188326,4,4,0,5,2,2,0,0,0,0,0
1257344,8491977655733,5,4,0,6,3,2,0,0,0,0,0
1257345,8510732131978,4,4,0,5,3,1,0,0,0,0,0
1257346,8626821571085,3,4,0,4,2,1,0,0,0,0,0
1257347,8448573314480,2,4,0,3,2,0,0,0,0,0,0
1257348,8448642260457,2,4,0,3,1,1,0,0,0,0,0
1257349,8477014179503,5,4,0,6,3,2,0,0,0,0,0
1257350,8499039750269,4,4,0,5,3,1,0,0,0,0,0
1257351,8482913173902,5,4,0,6,4,1,0,0,0,0,0
1257352,8506039148746,5,4,0,6,5,0,0,0,0,0,0
1257353,8502353473595,3,4,0,4,2,1,0,0,0,0,0
1257354,8587314152534,5,4,0,6,3,2,0,0,0,0,0
1257355,8428358021525,1,4,0,2,0,1,0,0,0,0,0
1257356,8448428465403,2,4,0,3,1,1,0,0,0,0,0
1257357,8426602378820,1,4,0,2,1,0,0,0,0,0,0
1257358,8448438808204,2,4,0,3,1,1,0,0,0,0,0
1257359,8404760344629,0,4,0,1,0,0,0,0,0,0,0
1257360,8502239533765,3,4,0,4,2,1,0,0,0,0,0
1257361,8488325570391,5,4,0,6,5,0,0,0,0,0,0
1257362,8470269284824,3,4,0,4,2,1,0,0,0,0,0
1257363,8448400794232,2,4,0,3,1,1,0,0,0,0,0
1257364,8404680259482,0,4,0,1,0,0,0,0,0,0,0
1257365,8447194105786,5,4,0,6,3,2,0,0,0,0,0
1257366,8502142574761,2,4,0,3,1,1,0,0,0,0,0
1257367,8450017395841,2,4,0,3,0,2,0,0,0,0,0
1257368,8498172396184,4,4,0,5,3,1,0,0,0,0,0
1257369,8448304238341,2,4,0,3,2,0,0,0,0,0,0
1257370,8491992045678,4,4,0,5,4,0,0,0,0,0,0
1257371,8491975848494,4,4,0,5,0,4,0,0,0,0,0
1257372,8503726194254,2,4,0,3,1,1,0,0,0,0,0
1257373,8135859296502,5,4,0,6,3,2,0,0,0,0,0
1257374,8491928285063,4,4,0,5,2,2,0,0,0,0,0
1257375,8439275021977,5,4,0,6,4,1,0,0,0,0,0
1257376,8490215417568,2,4,0,3,1,1,0,0,0,0,0
1257377,8188085070256,5,4,0,6,3,2,0,0,0,0,0
1257378,8501949412831,3,4,0,4,2,1,0,0,0,0,0
1257379,8448144755977,2,4,0,3,1,1,0,0,0,0,0
1257380,8426277056210,1,4,0,2,0,1,0,0,0,0,0
1257381,8426260942684,1,4,0,2,1,0,0,0,0,0,0
1257382,8491799264461,4,4,0,5,2,2,0,0,0,0,0
1257383,8179292325923,4,4,0,5,2,2,0,0,0,0,0
1257384,8458455532363,5,4,0,6,5,0,0,0,0,0,0
1257385,8439195226345,5,4,0,6,3,2,0,0,0,0,0
1257386,8479713842804,3,4,0,4,1,2,0,0,0,0,0
1257387,8496761798736,3,4,0,4,0,3,0,0,0,0,0
1257388,8371082697506,5,4,0,6,2,3,0,0,0,0,0
1257389,8192642856969,4,4,0,5,1,3,0,0,0,0,0
1257390,8457700080426,5,4,0,6,5,0,0,0,0,0,0
1257391,8457134630007,5,4,0,6,5,0,0,0,0,0,0
1257392,8504300869040,3,4,0,4,2,1,0,0,0,0,0
1257393,8434701865607,5,4,0,6,3,2,0,0,0,0,0
1257394,8410843401517,5,4,0,6,2,3,0,0,0,0,0
1257395,8457824623167,4,4,0,5,0,4,0,0,0,0,0
1257396,8438056862372,3,4,0,4,0,3,0,0,0,0,0
1257397,8442354537129,5,4,0,6,3,2,0,0,0,0,0
1257398,8457640359751,5,4,0,6,5,0,0,0,0,0,0
1257399,8491527804406,4,4,0,5,4,0,0,0,0,0,0
1257400,8491511527344,4,4,0,5,4,0,0,0,0,0,0
1257401,8453077820197,5,4,0,6,4,1,0,0,0,0,0
1257402,8453889913260,5,4,0,6,4,1,0,0,0,0,0
1257403,8461417161740,5,4,0,6,5,0,0,0,0,0,0
1257404,8491447694700,4,4,0,5,4,0,0,0,0,0,0
1257405,8461495327168,5,4,0,6,5,0,0,0,0,0,0
1257406,8457009365494,5,4,0,6,5,0,0,0,0,0,0
1257407,8491397906366,4,4,0,5,4,0,0,0,0,0,0
1257408,7911721220873,4,4,0,5,1,3,0,0,0,0,0
1257409,8507282690743,4,4,0,5,3,1,0,0,0,0,0
1257410,8494712103625,4,4,0,5,3,1,0,0,0,0,0
1257411,8418030021906,5,4,0,6,3,2,0,0,0,0,0
1257412,8496360702217,4,4,0,5,1,3,0,0,0,0,0
1257413,8457446153440,5,4,0,6,5,0,0,0,0,0,0
1257414,8501371398585,3,4,0,4,3,0,0,0,0,0,0
1257415,8496312720959,4,4,0,5,3,1,0,0,0,0,0
1257416,8290117561456,3,4,0,4,1,2,0,0,0,0,0
1257417,8425688018112,1,4,0,2,1,0,0,0,0,0,0
1257418,8197754489146,4,4,0,5,2,2,0,0,0,0,0
1257419,8201561781081,4,4,0,5,1,3,0,0,0,0,0
1257420,8496233199067,4,4,0,5,2,2,0,0,0,0,0
1257421,8552517287842,3,4,0,4,0,3,0,0,0,0,0
1257422,8403759091487,0,4,0,1,0,0,0,0,0,0,0
1257423,8403743062588,0,4,0,1,0,0,0,0,0,0,0
1257424,8403727033721,0,4,0,1,0,0,0,0,0,0,0
1257425,8453403754665,5,4,0,6,5,0,0,0,0,0,0
1257426,8491093684070,4,4,0,5,4,0,0,0,0,0,0
1257427,8453528668115,2,4,0,3,2,0,0,0,0,0,0
1257428,8429628020376,5,4,0,6,5,0,0,0,0,0,0
1257429,8454862516653,5,4,0,6,5,0,0,0,0,0,0
1257430,8477010986604,3,4,0,4,1,2,0,0,0,0,0
1257431,8492693751425,4,4,0,5,2,2,0,0,0,0,0
1257432,8425448589771,1,4,0,2,1,0,0,0,0,0,0
1257433,8425432519513,1,4,0,2,1,0,0,0,0,0,0
1257434,8479416449272,3,4,0,4,2,1,0,0,0,0,0
1257435,8497915104980,5,4,0,6,5,0,0,0,0,0,0
1257436,8451168404826,3,4,0,4,1,2,0,0,0,0,0
1257437,8489235652706,2,4,0,3,1,1,0,0,0,0,0
1257438,8489219499816,2,4,0,3,0,2,0,0,0,0,0
1257439,8444213999688,3,4,0,4,0,3,0,0,0,0,0
1257440,8489187528832,2,4,0,3,1,1,0,0,0,0,0
1257441,8489171624931,2,4,0,3,1,1,0,0,0,0,0
1257442,8458204385961,3,4,0,4,2,1,0,0,0,0,0
1257443,8444225296822,3,4,0,4,0,3,0,0,0,0,0
1257444,8496119258450,5,4,0,6,5,0,0,0,0,0,0
1257445,7830965041189,2,4,0,3,0,2,0,0,0,0,0
1257446,8431008128310,3,4,0,4,2,1,0,0,0,0,0
1257447,8496073091137,5,4,0,6,5,0,0,0,0,0,0
1257448,8469760451440,2,4,0,3,1,1,0,0,0,0,0
1257449,8467873510564,3,4,0,4,3,0,0,0,0,0,0
1257450,8433600333951,3,4,0,4,1,2,0,0,0,0,0
1257451,8216252617830,3,4,0,4,0,3,0,0,0,0,0
1257452,8490676090172,4,4,0,5,1,3,0,0,0,0,0
1257453,8490660022014,4,4,0,5,3,1,0,0,0,0,0
1257454,8440566431477,5,4,0,6,5,0,0,0,0,0,0
1257455,8596995253898,5,4,0,6,4,1,0,0,0,0,0
1257456,8436328464394,5,4,0,6,4,1,0,0,0,0,0
1257457,8431886452545,5,4,0,6,3,2,0,0,0,0,0
1257458,8490579600286,4,4,0,5,2,2,0,0,0,0,0
1257459,8490563696279,4,4,0,5,4,0,0,0,0,0,0
1257460,8490547626371,4,4,0,5,4,0,0,0,0,0,0
1257461,8490531516960,4,4,0,5,4,0,0,0,0,0,0
1257462,8500598590382,4,4,0,5,2,2,0,0,0,0,0
1257463,8439127423455,5,4,0,6,4,1,0,0,0,0,0
1257464,8228403765665,3,4,0,4,1,2,0,0,0,0,0
1257465,8506491740570,5,4,0,6,5,0,0,0,0,0,0
1257466,8593100238020,5,4,0,6,3,2,0,0,0,0,0
1257467,8503707388760,5,4,0,6,1,4,0,0,0,0,0
1257468,8442226710166,3,4,0,4,3,0,0,0,0,0,0
1257469,8510018171938,5,4,0,6,4,1,0,0,0,0,0
1257470,8498419704275,4,4,0,5,1,3,0,0,0,0,0
1257471,8507154647064,5,4,0,6,4,1,0,0,0,0,0
1257472,8504612234036,5,4,0,6,4,1,0,0,0,0,0
1257473,8499949484105,5,4,0,6,1,4,0,0,0,0,0
1257474,8490323201411,4,4,0,5,4,0,0,0,0,0,0
1257475,8550234142200,5,4,0,6,4,1,0,0,0,0,0
1257476,8484124959502,4,4,0,5,3,1,0,0,0,0,0
1257477,8505987757004,5,4,0,6,5,0,0,0,0,0,0
1257478,8503366877092,5,4,0,6,3,2,0,0,0,0,0
1257479,8483877593813,4,4,0,5,1,3,0,0,0,0,0
1257480,8505574149435,5,4,0,6,5,0,0,0,0,0,0
1257481,8364764475392,5,4,0,6,3,2,0,0,0,0,0
1257482,8503720134713,5,4,0,6,3,2,0,0,0,0,0
1257483,8607966681118,5,4,0,6,1,4,0,0,0,0,0
1257484,8475977328309,5,4,0,6,2,3,0,0,0,0,0
1257485,8483780896677,4,4,0,5,0,4,0,0,0,0,0
1257486,8491870155315,5,4,0,6,2,3,0,0,0,0,0
1257487,8493230262508,3,4,0,4,0,3,0,0,0,0,0
1257488,8493377078881,3,4,0,4,0,3,0,0,0,0,0
1257489,8352764384215,3,4,0,4,0,3,0,0,0,0,0
1257490,8488866602909,3,4,0,4,2,1,0,0,0,0,0
1257491,8551771994417,5,4,0,6,1,4,0,0,0,0,0
1257492,8498163447005,4,4,0,5,3,1,0,0,0,0,0
1257493,8502919599073,5,4,0,6,2,3,0,0,0,0,0
1257494,8194456159624,6,4,0,7,6,0,0,0,0,0,0
1257495,8496479896054,4,4,0,5,2,2,0,0,0,0,0
1257496,8540547904675,5,4,0,6,5,0,0,0,0,0,0
1257497,8503077974305,3,4,0,4,2,1,0,0,0,0,0
1257498,8482955710884,4,4,0,5,0,4,0,0,0,0,0
1257499,8503983384038,5,4,0,6,3,2,0,0,0,0,0
1257500,8485858259902,4,4,0,5,2,2,0,0,0,0,0
1257501,8419692518509,5,4,0,6,3,2,0,0,0,0,0
1257502,8487295483352,4,4,0,5,3,1,0,0,0,0,0
1257503,8504196762443,5,4,0,6,5,0,0,0,0,0,0
1257504,8499900265356,4,4,0,5,0,4,0,0,0,0,0
1257505,8445220969350,3,4,0,4,1,2,0,0,0,0,0
1257506,8413467425408,5,4,0,6,1,4,0,0,0,0,0
1257507,8502324947535,4,4,0,5,2,2,0,0,0,0,0
1257508,8503733097876,5,4,0,6,4,1,0,0,0,0,0
1257509,8492844028115,3,4,0,4,3,0,0,0,0,0,0
1257510,8503967009987,5,4,0,6,5,0,0,0,0,0,0
1257511,8468484264369,4,4,0,5,3,1,0,0,0,0,0
1257512,8483295196766,4,4,0,5,3,1,0,0,0,0,0
1257513,8492526672150,3,4,0,4,1,2,0,0,0,0,0
1257514,8486678627334,4,4,0,5,2,2,0,0,0,0,0
1257515,8488950475120,4,4,0,5,2,2,0,0,0,0,0
1257516,8377682777089,1,4,0,2,0,1,0,0,0,0,0
1257517,8489397825020,4,4,0,5,3,1,0,0,0,0,0
1257518,8378080417625,1,4,0,2,0,1,0,0,0,0,0
1257519,8504147251738,5,4,0,6,3,2,0,0,0,0,0
1257520,8588523473368,5,4,0,6,3,2,0,0,0,0,0
1257521,8500165538314,5,4,0,6,2,3,0,0,0,0,0
1257522,8508613937521,5,4,0,6,4,1,0,0,0,0,0
1257523,8489500197094,5,4,0,6,2,3,0,0,0,0,0
1257524,8500909073166,5,4,0,6,2,3,0,0,0,0,0
1257525,8436920008962,3,4,0,4,1,2,0,0,0,0,0
1257526,8436688673747,4,4,0,5,3,1,0,0,0,0,0
1257527,8482733935583,4,4,0,5,2,2,0,0,0,0,0
1257528,8507614127550,5,4,0,6,4,1,0,0,0,0,0
1257529,8511294799018,5,4,0,6,5,0,0,0,0,0,0
1257530,8607120120793,5,4,0,6,3,2,0,0,0,0,0
1257531,8501219923024,4,4,0,5,2,2,0,0,0,0,0
1257532,8482563827274,4,4,0,5,0,4,0,0,0,0,0
1257533,8500252201182,5,4,0,6,0,5,0,0,0,0,0
1257534,8679137711359,5,4,0,6,4,1,0,0,0,0,0
1257535,8416639712517,5,4,0,6,0,5,0,0,0,0,0
1257536,8491711274843,3,4,0,4,1,2,0,0,0,0,0
1257537,8482335561197,4,4,0,5,3,1,0,0,0,0,0
1257538,8502341291087,5,4,0,6,4,1,0,0,0,0,0
1257539,8309700208998,6,4,0,7,6,0,0,0,0,0,0
1257540,8595944643515,5,4,0,6,3,2,0,0,0,0,0
1257541,8492153606963,5,4,0,6,0,5,0,0,0,0,0
1257542,8465229029985,5,4,0,6,0,5,0,0,0,0,0
1257543,8500384427136,5,4,0,6,0,5,0,0,0,0,0
1257544,8442501297200,3,4,0,4,0,3,0,0,0,0,0
1257545,8445328496927,5,4,0,6,3,2,0,0,0,0,0
1257546,8486988570975,2,4,0,3,0,2,0,0,0,0,0
1257547,8494470047484,4,4,0,5,3,1,0,0,0,0,0
1257548,8502141084184,5,4,0,6,5,0,0,0,0,0,0
1257549,8218268063245,6,4,0,7,6,0,0,0,0,0,0
1257550,8500531866388,3,4,0,4,1,2,0,0,0,0,0
1257551,8502118281847,5,4,0,6,4,1,0,0,0,0,0
1257552,8502063863282,5,4,0,6,5,0,0,0,0,0,0
1257553,8195972381425,6,4,0,7,4,2,0,0,0,0,0
1257554,8231908964655,6,4,0,7,6,0,0,0,0,0,0
1257555,8347784750508,5,4,0,6,4,1,0,0,0,0,0
1257556,8402033283132,6,4,0,7,5,1,0,0,0,0,0
1257557,8525826172295,5,4,0,6,3,2,0,0,0,0,0
1257558,8198538251000,4,4,0,5,0,4,0,0,0,0,0
1257559,8590102836197,5,4,0,6,1,4,0,0,0,0,0
1257560,8496402754968,4,4,0,5,3,1,0,0,0,0,0
1257561,8481797179634,4,4,0,5,0,4,0,0,0,0,0
1257562,8501844501509,5,4,0,6,5,0,0,0,0,0,0
1257563,8437520019161,4,4,0,5,1,3,0,0,0,0,0
1257564,8501769895926,5,4,0,6,4,1,0,0,0,0,0
1257565,8218473192562,6,4,0,7,5,1,0,0,0,0,0
1257566,8492590348919,5,4,0,6,1,4,0,0,0,0,0
1257567,8483111586810,3,4,0,4,1,2,0,0,0,0,0
1257568,8501735121823,5,4,0,6,5,0,0,0,0,0,0
1257569,8461283525679,6,4,0,7,5,1,0,0,0,0,0
1257570,8499804952635,5,4,0,6,0,5,0,0,0,0,0
1257571,8495331257562,4,4,0,5,1,3,0,0,0,0,0
1257572,8235982174786,6,4,0,7,6,0,0,0,0,0,0
1257573,8465266514476,4,4,0,5,1,3,0,0,0,0,0
1257574,8231348528648,6,4,0,7,5,1,0,0,0,0,0
1257575,8352646418943,5,4,0,6,1,4,0,0,0,0,0
1257576,8249682518029,6,4,0,7,5,1,0,0,0,0,0
1257577,8501150230333,5,4,0,6,0,5,0,0,0,0,0
1257578,8202945636852,6,4,0,7,1,5,0,0,0,0,0
1257579,8501192625075,5,4,0,6,5,0,0,0,0,0,0
1257580,8468737393997,4,4,0,5,3,1,0,0,0,0,0
1257581,8264455845663,6,4,0,7,5,1,0,0,0,0,0
1257582,8283789910718,6,4,0,7,6,0,0,0,0,0,0
1257583,8265183313990,6,4,0,7,5,1,0,0,0,0,0
1257584,8498945676352,3,4,0,4,1,2,0,0,0,0,0
1257585,8501922943649,5,4,0,6,4,1,0,0,0,0,0
1257586,8500850950507,5,4,0,6,5,0,0,0,0,0,0
1257587,8489690146922,3,4,0,4,1,2,0,0,0,0,0
1257588,8270822224383,6,4,0,7,6,0,0,0,0,0,0
1257589,8598034925726,5,4,0,6,1,4,0,0,0,0,0
1257590,8501866166189,5,4,0,6,4,1,0,0,0,0,0
1257591,8503527420296,4,4,0,5,2,2,0,0,0,0,0
1257592,8501385469999,5,4,0,6,4,1,0,0,0,0,0
1257593,8492247406850,3,4,0,4,0,3,0,0,0,0,0
1257594,8497612575310,4,4,0,5,1,3,0,0,0,0,0
1257595,8505095080036,5,4,0,6,0,5,0,0,0,0,0
1257596,8495422856365,5,4,0,6,1,4,0,0,0,0,0
1257597,8219263825783,6,4,0,7,4,2,0,0,0,0,0
1257598,8488210152391,5,4,0,6,4,1,0,0,0,0,0
1257599,8294643733876,6,4,0,7,6,0,0,0,0,0,0
1257600,8499526756309,5,4,0,6,4,1,0,0,0,0,0
1257601,8298777620787,6,4,0,7,3,3,0,0,0,0,0
1257602,8251750694099,6,4,0,7,4,2,0,0,0,0,0
1257603,8503063428101,5,4,0,6,4,1,0,0,0,0,0
1257604,8499298699093,5,4,0,6,4,1,0,0,0,0,0
1257605,8491490756364,4,4,0,5,3,1,0,0,0,0,0
1257606,8295131817118,6,4,0,7,6,0,0,0,0,0,0
1257607,8295917975184,6,4,0,7,6,0,0,0,0,0,0
1257608,8497720375574,2,4,0,3,0,2,0,0,0,0,0
1257609,8242220847519,6,4,0,7,4,2,0,0,0,0,0
1257610,8282461728497,6,4,0,7,4,2,0,0,0,0,0
1257611,8499084001891,5,4,0,6,4,1,0,0,0,0,0
1257612,8329812533880,6,4,0,7,6,0,0,0,0,0,0
1257613,8530625995812,5,4,0,6,4,1,0,0,0,0,0
1257614,8490053009947,2,4,0,3,0,2,0,0,0,0,0
1257615,8361406861812,5,4,0,6,1,4,0,0,0,0,0
1257616,8499003533087,5,4,0,6,3,2,0,0,0,0,0
1257617,8405495809890,6,4,0,7,5,1,0,0,0,0,0
1257618,8355535375102,6,4,0,7,6,0,0,0,0,0,0
1257619,8498976844490,5,4,0,6,5,0,0,0,0,0,0
1257620,8498849903485,5,4,0,6,5,0,0,0,0,0,0
1257621,8313304859038,6,4,0,7,5,1,0,0,0,0,0
1257622,8509984197963,5,4,0,6,4,1,0,0,0,0,0
1257623,8492397883093,3,4,0,4,3,0,0,0,0,0,0
1257624,8511620668927,5,4,0,6,5,0,0,0,0,0,0
1257625,8467588095119,3,4,0,4,2,1,0,0,0,0,0
1257626,8439571997886,2,4,0,3,1,1,0,0,0,0,0
1257627,8419627879459,4,4,0,5,2,2,0,0,0,0,0
1257628,8430483609795,1,4,0,2,1,0,0,0,0,0,0
1257629,8459052031777,3,4,0,4,2,1,0,0,0,0,0
1257630,8441009948838,2,4,0,3,1,1,0,0,0,0,0
1257631,8420041916098,1,4,0,2,0,1,0,0,0,0,0
1257632,8400419519375,0,4,0,1,0,0,0,0,0,0,0
1257633,8441289433577,2,4,0,3,1,1,0,0,0,0,0
1257634,8420091017402,1,4,0,2,0,1,0,0,0,0,0
1257635,8420074957351,1,4,0,2,1,0,0,0,0,0,0
1257636,8400355429443,0,4,0,1,0,0,0,0,0,0,0
1257637,8400339407037,0,4,0,1,0,0,0,0,0,0,0
1257638,8420151393719,1,4,0,2,1,0,0,0,0,0,0
1257639,8450135333557,2,4,0,3,2,0,0,0,0,0,0
1257640,8400291340001,0,4,0,1,0,0,0,0,0,0,0
1257641,8420156457515,1,4,0,2,1,0,0,0,0,0,0
1257642,8498135489319,3,4,0,4,2,1,0,0,0,0,0
1257643,8400200000000,0,4,1,0,0,0,0,0,0,0,0
1257644,8466139244778,5,4,0,6,1,4,0,0,0,0,0
1257645,8248460631100,4,4,0,5,1,3,0,0,0,0,0
1257646,8498072101147,3,4,0,4,2,1,0,0,0,0,0
1257647,8498056154887,3,4,0,4,2,1,0,0,0,0,0
1257648,8259699167389,5,4,0,6,3,2,0,0,0,0,0
1257649,8286343113178,2,4,0,3,0,2,0,0,0,0,0
1257650,8498302127567,3,4,0,4,0,3,0,0,0,0,0
1257651,8498286105585,3,4,0,4,0,3,0,0,0,0,0
1257652,8498270083633,3,4,0,4,0,3,0,0,0,0,0
1257653,8498254061713,3,4,0,4,0,3,0,0,0,0,0
1257654,8235952531956,4,4,0,5,0,4,0,0,0,0,0
1257655,8500224670058,4,4,0,5,1,3,0,0,0,0,0
1257656,8499709283005,3,4,0,4,0,3,0,0,0,0,0
1257657,8257519569663,6,4,0,7,5,1,0,0,0,0,0
1257658,8459823910100,4,4,0,5,3,1,0,0,0,0,0
1257659,8269614559605,6,4,0,7,6,0,0,0,0,0,0
1257660,8245269264691,6,4,0,7,5,1,0,0,0,0,0
1257661,8490392091719,3,4,0,4,2,1,0,0,0,0,0
1257662,8212123842314,6,4,0,7,5,1,0,0,0,0,0
1257663,7967080886135,5,4,0,6,5,0,0,0,0,0,0
1257664,8439912411350,4,4,0,5,0,4,0,0,0,0,0
1257665,8255661974121,6,4,0,7,5,1,0,0,0,0,0
1257666,8499947288945,5,4,0,6,1,4,0,0,0,0,0
1257667,8434248556991,5,4,0,6,3,2,0,0,0,0,0
1257668,8501454942262,5,4,0,6,4,1,0,0,0,0,0
1257669,8267765280863,4,4,0,5,2,2,0,0,0,0,0
1257670,8499884020057,5,4,0,6,5,0,0,0,0,0,0
1257671,8535766996042,5,4,0,6,2,3,0,0,0,0,0
1257672,8264996043462,6,4,0,7,6,0,0,0,0,0,0
1257673,8499836251898,5,4,0,6,5,0,0,0,0,0,0
1257674,8234589407753,6,4,0,7,5,1,0,0,0,0,0
1257675,8399738347058,0,4,0,1,0,0,0,0,0,0,0
1257676,8399722325829,0,4,0,1,0,0,0,0,0,0,0
1257677,8399706304630,0,4,0,1,0,0,0,0,0,0,0
1257678,8499760098241,5,4,0,6,3,2,0,0,0,0,0
1257679,8498204353524,3,4,0,4,0,3,0,0,0,0,0
1257680,8441154574393,2,4,0,3,1,1,0,0,0,0,0
1257681,8194002986465,6,4,0,7,4,2,0,0,0,0,0
1257682,8422660781211,4,4,0,5,0,4,0,0,0,0,0
1257683,8695697796497,4,4,0,5,2,2,0,0,0,0,0
1257684,8461400384518,3,4,0,4,1,2,0,0,0,0,0
1257685,8479750044794,4,4,0,5,3,1,0,0,0,0,0
1257686,8427562904893,1,4,0,2,0,1,0,0,0,0,0
1257687,8399546883998,0,4,0,1,0,0,0,0,0,0,0
1257688,8399530863134,0,4,0,1,0,0,0,0,0,0,0
1257689,8479929603545,4,4,0,5,0,4,0,0,0,0,0
1257690,8479941835993,4,4,0,5,1,3,0,0,0,0,0
1257691,8439571324068,4,4,0,5,2,2,0,0,0,0,0
1257692,8453638842012,4,4,0,5,4,0,0,0,0,0,0
1257693,8506660068596,5,4,0,6,5,0,0,0,0,0,0
1257694,8455585299013,5,4,0,6,4,1,0,0,0,0,0
1257695,8449581447315,2,4,0,3,2,0,0,0,0,0,0
1257696,8489890044639,4,4,0,5,3,1,0,0,0,0,0
1257697,8399387039881,0,4,0,1,0,0,0,0,0,0,0
1257698,8439721654438,2,4,0,3,1,1,0,0,0,0,0
1257699,8419555443993,1,4,0,2,1,0,0,0,0,0,0
1257700,8510140604966,5,4,0,6,4,1,0,0,0,0,0
1257701,8442850232303,2,4,0,3,0,2,0,0,0,0,0
1257702,8419515990565,1,4,0,2,1,0,0,0,0,0,0
1257703,8419512406882,1,4,0,2,1,0,0,0,0,0,0
1257704,8419505402136,1,4,0,2,1,0,0,0,0,0,0
1257705,8420263795833,1,4,0,2,0,1,0,0,0,0,0
1257706,8571252614958,4,4,0,5,3,1,0,0,0,0,0
1257707,8659260821611,5,4,0,6,3,2,0,0,0,0,0
1257708,8457426606974,2,4,0,3,1,1,0,0,0,0,0
1257709,8518288103992,5,4,0,6,3,2,0,0,0,0,0
1257710,8451016851453,4,4,0,5,2,2,0,0,0,0,0
1257711,8496593809336,3,4,0,4,0,3,0,0,0,0,0
1257712,8192954542402,6,4,0,7,6,0,0,0,0,0,0
1257713,8586346160511,5,4,0,6,3,2,0,0,0,0,0
1257714,8498225228993,4,4,0,5,2,2,0,0,0,0,0
1257715,8494612641386,4,4,0,5,4,0,0,0,0,0,0
1257716,8598921096001,3,4,0,4,1,2,0,0,0,0,0
1257717,8440905034369,3,4,0,4,2,1,0,0,0,0,0
1257718,8486401698604,4,4,0,5,4,0,0,0,0,0,0
1257719,8399035377569,0,4,0,1,0,0,0,0,0,0,0
1257720,8429019357680,1,4,0,2,1,0,0,0,0,0,0
1257721,8486353139114,4,4,0,5,2,2,0,0,0,0,0
1257722,8572662218641,4,4,0,5,3,1,0,0,0,0,0
1257723,8398971298198,0,4,0,1,0,0,0,0,0,0,0
1257724,8434684587278,5,4,0,6,3,2,0,0,0,0,0
1257725,8420776685723,1,4,0,2,1,0,0,0,0,0,0
1257726,8422440412622,1,4,0,2,0,1,0,0,0,0,0
1257727,8398907362627,0,4,0,1,0,0,0,0,0,0,0
1257728,8498891342983,1,4,0,2,0,1,0,0,0,0,0
1257729,8124810584168,5,4,0,6,3,2,0,0,0,0,0
1257730,8468963942175,2,4,0,3,2,0,0,0,0,0,0
1257731,8486192575721,4,4,0,5,4,0,0,0,0,0,0
1257732,8486176472894,4,4,0,5,4,0,0,0,0,0,0
1257733,8433451852030,5,4,0,6,4,1,0,0,0,0,0
1257734,8472950004117,5,4,0,6,2,3,0,0,0,0,0
1257735,8464290850360,3,4,0,4,0,3,0,0,0,0,0
1257736,8324529752933,3,4,0,4,0,3,0,0,0,0,0
1257737,8489455400167,2,4,0,3,0,2,0,0,0,0,0
1257738,8504556786215,3,4,0,4,2,1,0,0,0,0,0
1257739,8380140197680,2,4,0,3,0,2,0,0,0,0,0
1257740,8170796475701,4,4,0,5,1,3,0,0,0,0,0
1257741,8491071582041,4,4,0,5,3,1,0,0,0,0,0
1257742,8473003661393,5,4,0,6,2,3,0,0,0,0,0
1257743,8491842870654,4,4,0,5,3,1,0,0,0,0,0
1257744,8423833456679,1,4,0,2,0,1,0,0,0,0,0
1257745,8464130849465,3,4,0,4,2,1,0,0,0,0,0
1257746,8398605457905,0,4,0,1,0,0,0,0,0,0,0
1257747,8398589438836,0,4,0,1,0,0,0,0,0,0,0
1257748,8464082417391,3,4,0,4,3,0,0,0,0,0,0
1257749,8499340281771,3,4,0,4,2,1,0,0,0,0,0
1257750,8436188762828,3,4,0,4,1,2,0,0,0,0,0
1257751,8446361751752,2,4,0,3,2,0,0,0,0,0,0
1257752,8485854148795,4,4,0,5,0,4,0,0,0,0,0
1257753,8148176261744,5,4,0,6,3,2,0,0,0,0,0
1257754,8495901049769,3,4,0,4,2,1,0,0,0,0,0
1257755,8444754926455,5,4,0,6,4,1,0,0,0,0,0
1257756,8420282402597,1,4,0,2,1,0,0,0,0,0,0
1257757,8485774141355,4,4,0,5,1,3,0,0,0,0,0
1257758,8456786021430,3,4,0,4,2,1,0,0,0,0,0
1257759,8454208170825,5,4,0,6,5,0,0,0,0,0,0
1257760,8485725698928,2,4,0,3,0,2,0,0,0,0,0
1257761,8495787758209,2,4,0,3,0,2,0,0,0,0,0
1257762,8494091778914,2,4,0,3,1,1,0,0,0,0,0
1257763,8567451950032,3,4,1,3,0,2,0,0,0,0,0
1257764,8214892750887,3,4,0,4,1,2,0,0,0,0,0
1257765,8455931956401,2,4,0,3,1,1,0,0,0,0,0
1257766,8456655544353,2,4,0,3,1,1,0,0,0,0,0
1257767,8494012247542,2,4,0,3,1,1,0,0,0,0,0
1257768,8247961915827,2,4,0,3,1,1,0,0,0,0,0
1257769,8493980412820,2,4,0,3,0,2,0,0,0,0,0
1257770,8213102766112,3,4,0,4,1,2,0,0,0,0,0
1257771,8195130989468,3,4,0,4,0,3,0,0,0,0,0
1257772,8493933605744,2,4,0,3,0,2,0,0,0,0,0
1257773,8493917406343,2,4,0,3,0,2,0,0,0,0,0
1257774,8228670999812,3,4,0,4,1,2,0,0,0,0,0
1257775,8416653830168,5,4,0,6,2,3,0,0,0,0,0
1257776,8493869012910,2,4,0,3,1,1,0,0,0,0,0
1257777,8493852626278,2,4,0,3,0,2,0,0,0,0,0
1257778,8493836566496,2,4,0,3,0,2,0,0,0,0,0
1257779,8493820958521,2,4,0,3,1,1,0,0,0,0,0
1257780,8092332339560,3,4,0,4,0,3,0,0,0,0,0
1257781,8221062172658,2,4,0,3,0,2,0,0,0,0,0
1257782,8110617577202,5,4,0,6,3,2,0,0,0,0,0
1257783,8493758547552,2,4,0,3,1,1,0,0,0,0,0
1257784,8212196553720,3,4,0,4,0,3,0,0,0,0,0
1257785,8493012335412,4,4,0,5,0,4,0,0,0,0,0
1257786,8493710280969,2,4,0,3,1,1,0,0,0,0,0
1257787,8493694832550,2,4,0,3,0,2,0,0,0,0,0
1257788,8398825351174,2,4,0,3,0,2,0,0,0,0,0
1257789,8547323270847,3,4,0,4,2,1,0,0,0,0,0
1257790,8493646952895,2,4,0,3,1,1,0,0,0,0,0
1257791,8493630893738,2,4,0,3,0,2,0,0,0,0,0
1257792,8409609006022,5,4,0,6,0,5,0,0,0,0,0
1257793,8493598960913,2,4,0,3,0,2,0,0,0,0,0
1257794,8537709562028,5,4,0,6,1,4,0,0,0,0,0
1257795,8476768530691,3,4,0,4,1,2,0,0,0,0,0
1257796,8493551316491,2,4,0,3,1,1,0,0,0,0,0
1257797,8493535382226,2,4,0,3,1,1,0,0,0,0,0
1257798,8493519406118,2,4,0,3,1,1,0,0,0,0,0
1257799,8493503755639,2,4,0,3,1,1,0,0,0,0,0
1257800,8493486956484,2,4,0,3,1,1,0,0,0,0,0
1257801,8596476683456,5,4,0,6,2,3,0,0,0,0,0
1257802,8160660991602,3,4,0,4,1,2,0,0,0,0,0
1257803,8483361260697,2,4,0,3,2,0,0,0,0,0,0
1257804,8458401690511,2,4,0,3,0,2,0,0,0,0,0
1257805,8496767088066,2,4,0,3,1,1,0,0,0,0,0
1257806,8450070234129,3,4,0,4,2,1,0,0,0,0,0
1257807,8245688431804,2,4,0,3,1,1,0,0,0,0,0
1257808,8445599489526,3,4,0,4,1,2,0,0,0,0,0
1257809,8421176869677,5,4,0,6,4,1,0,0,0,0,0
1257810,8484928103052,4,4,0,5,4,0,0,0,0,0,0
1257811,8451082375391,5,4,0,6,5,0,0,0,0,0,0
1257812,8484894077025,4,4,0,5,3,1,0,0,0,0,0
1257813,8484880814536,4,4,0,5,4,0,0,0,0,0,0
1257814,8451059371370,5,4,0,6,5,0,0,0,0,0,0
1257815,8484850532700,4,4,0,5,4,0,0,0,0,0,0
1257816,8439877790318,5,4,0,6,4,1,0,0,0,0,0
1257817,8489857875470,4,4,0,5,2,2,0,0,0,0,0
1257818,8499791922254,5,4,0,6,3,2,0,0,0,0,0
1257819,8493177704534,2,4,0,3,2,0,0,0,0,0,0
1257820,8429239656752,5,4,0,6,4,1,0,0,0,0,0
1257821,8451940298762,4,4,0,5,3,1,0,0,0,0,0
1257822,8373013291126,5,4,0,6,1,4,0,0,0,0,0
1257823,8486395601339,4,4,0,5,1,3,0,0,0,0,0
1257824,8454704142189,5,4,0,6,5,0,0,0,0,0,0
1257825,8453981133149,5,4,0,6,5,0,0,0,0,0,0
1257826,8476964268237,5,4,0,6,1,4,0,0,0,0,0
1257827,8454745942536,5,4,0,6,5,0,0,0,0,0,0
1257828,8482958327561,2,4,0,3,1,1,0,0,0,0,0
1257829,8484624788255,4,4,0,5,4,0,0,0,0,0,0
1257830,8494680729578,3,4,0,4,3,0,0,0,0,0,0
1257831,8494669536066,3,4,0,4,3,0,0,0,0,0,0
1257832,8407612654630,5,4,0,6,3,2,0,0,0,0,0
1257833,8484554884817,4,4,0,5,4,0,0,0,0,0,0
1257834,8484538786094,4,4,0,5,2,2,0,0,0,0,0
1257835,8484522769692,4,4,0,5,4,0,0,0,0,0,0
1257836,8033235810903,5,4,0,6,1,4,0,0,0,0,0
1257837,8284319338947,4,4,0,5,0,4,0,0,0,0,0
1257838,8487836605236,4,4,0,5,3,1,0,0,0,0,0
1257839,8486142065153,4,4,0,5,3,1,0,0,0,0,0
1257840,8440780989858,1,4,0,2,1,0,0,0,0,0,0
1257841,8397097010024,0,4,0,1,0,0,0,0,0,0,0
1257842,8397080993832,0,4,0,1,0,0,0,0,0,0,0
1257843,8444897388245,2,4,0,3,2,0,0,0,0,0,0
1257844,8462546068346,3,4,0,4,3,0,0,0,0,0,0
1257845,8453252816123,3,4,0,4,2,1,0,0,0,0,0
1257846,8590681598461,3,4,0,4,2,1,0,0,0,0,0
1257847,8397001011108,0,4,0,1,0,0,0,0,0,0,0
1257848,8489352047848,4,4,0,5,0,4,0,0,0,0,0
1257849,8484297789626,4,4,0,5,3,1,0,0,0,0,0
1257850,8462449571052,3,4,0,4,3,0,0,0,0,0,0
1257851,8472509565537,2,4,0,3,0,2,0,0,0,0,0
1257852,8440585003485,2,4,0,3,2,0,0,0,0,0,0
1257853,8484232893188,4,4,0,5,1,3,0,0,0,0,0
1257854,8440552805249,2,4,0,3,1,1,0,0,0,0,0
1257855,8412710707754,5,4,0,6,3,2,0,0,0,0,0
1257856,8420163642010,5,4,0,6,4,1,0,0,0,0,0
1257857,8457298921892,2,4,0,3,0,2,0,0,0,0,0
1257858,8484152345810,4,4,0,5,2,2,0,0,0,0,0
1257859,8439277867621,3,4,0,4,0,3,0,0,0,0,0
1257860,8396793304877,0,4,0,1,0,0,0,0,0,0,0
1257861,8434116564213,5,4,0,6,3,2,0,0,0,0,0
1257862,8484088060987,4,4,0,5,4,0,0,0,0,0,0
1257863,8315421823315,5,4,0,6,3,2,0,0,0,0,0
1257864,8426729758925,1,4,0,2,1,0,0,0,0,0,0
1257865,8425004932340,3,4,0,4,0,3,0,0,0,0,0
1257866,8422697885417,1,4,0,2,1,0,0,0,0,0,0
1257867,8396681869987,0,4,0,1,0,0,0,0,0,0,0
1257868,8208027704068,5,4,0,6,4,1,0,0,0,0,0
1257869,8213030022505,3,4,0,4,2,1,0,0,0,0,0
1257870,8443183752853,5,4,0,6,4,1,0,0,0,0,0
1257871,8445395411443,5,4,0,6,4,1,0,0,0,0,0
1257872,8475531839050,3,4,0,4,1,2,0,0,0,0,0
1257873,8396587177485,0,4,0,1,0,0,0,0,0,0,0
1257874,8470233498243,3,4,0,4,2,1,0,0,0,0,0
1257875,8462048402125,3,4,0,4,2,1,0,0,0,0,0
1257876,8396539131919,0,4,0,1,0,0,0,0,0,0,0
1257877,8452943237264,5,4,0,6,5,0,0,0,0,0,0
1257878,8455575689295,2,4,0,3,0,2,0,0,0,0,0
1257879,8456883416371,3,4,0,4,2,1,0,0,0,0,0
1257880,8468590798801,4,4,0,5,1,3,0,0,0,0,0
1257881,8450728941818,5,4,0,6,5,0,0,0,0,0,0
1257882,8433730271740,5,4,0,6,3,2,0,0,0,0,0
1257883,8640904394108,5,4,0,6,3,2,0,0,0,0,0
1257884,8442910743188,5,4,0,6,4,1,0,0,0,0,0
1257885,8446226698612,2,4,0,3,1,1,0,0,0,0,0
1257886,8485381769022,2,4,0,3,1,1,0,0,0,0,0
1257887,8449768955664,5,4,0,6,5,0,0,0,0,0,0
1257888,8462051267503,2,4,0,3,1,1,0,0,0,0,0
1257889,8285731169368,3,4,0,4,2,1,0,0,0,0,0
1257890,7956350355728,4,4,0,5,2,2,0,0,0,0,0
1257891,8506301595116,4,4,0,5,1,3,0,0,0,0,0
1257892,8485286377349,4,4,0,5,3,1,0,0,0,0,0
1257893,8426269565798,1,4,0,2,0,1,0,0,0,0,0
1257894,8418083852054,1,4,0,2,1,0,0,0,0,0,0
1257895,8473483069262,3,4,0,4,1,2,0,0,0,0,0
1257896,8418051739641,1,4,0,2,0,1,0,0,0,0,0
1257897,8469865859432,3,4,0,4,3,0,0,0,0,0,0
1257898,8418019668989,1,4,0,2,0,1,0,0,0,0,0
1257899,8418003571251,1,4,0,2,1,0,0,0,0,0,0
1257900,8396157464147,0,4,0,1,0,0,0,0,0,0,0
1257901,8396141449747,0,4,0,1,0,0,0,0,0,0,0
1257902,8403008193279,5,4,0,6,4,1,0,0,0,0,0
1257903,8491825631775,2,4,0,3,1,1,0,0,0,0,0
1257904,8443769982204,4,4,0,5,2,2,0,0,0,0,0
1257905,8485076507802,4,4,0,5,3,1,0,0,0,0,0
1257906,8460669013257,4,4,0,5,1,3,0,0,0,0,0
1257907,8356108663818,5,4,0,6,1,4,0,0,0,0,0
1257908,8485028322305,4,4,0,5,3,1,0,0,0,0,0
1257909,8449394431852,5,4,0,6,5,0,0,0,0,0,0
1257910,8442470952035,5,4,0,6,4,1,0,0,0,0,0
1257911,8184290795535,4,4,0,5,2,2,0,0,0,0,0
1257912,8483285710471,4,4,0,5,4,0,0,0,0,0,0
1257913,8471514621703,3,4,0,4,1,2,0,0,0,0,0
1257914,8417764319634,1,4,0,2,1,0,0,0,0,0,0
1257915,8417748264020,1,4,0,2,1,0,0,0,0,0,0
1257916,8495786905182,4,4,0,5,3,1,0,0,0,0,0
1257917,8488241736530,2,4,0,3,1,1,0,0,0,0,0
1257918,8494940912640,4,4,0,5,1,3,0,0,0,0,0
1257919,8436840180074,3,4,0,4,1,2,0,0,0,0,0
1257920,8461326576846,3,4,0,4,3,0,0,0,0,0,0
1257921,8419331289179,1,4,0,2,0,1,0,0,0,0,0
1257922,8417636021575,1,4,0,2,1,0,0,0,0,0,0
1257923,8483107259869,4,4,0,5,4,0,0,0,0,0,0
1257924,8439432967115,2,4,0,3,2,0,0,0,0,0,0
1257925,8449491799987,1,4,0,2,1,0,0,0,0,0,0
1257926,8484737871012,4,4,0,5,2,2,0,0,0,0,0
1257927,8483042663996,4,4,0,5,4,0,0,0,0,0,0
1257928,8395710800121,0,4,0,1,0,0,0,0,0,0,0
1257929,8494513391687,3,4,0,4,0,3,0,0,0,0,0
1257930,8493068839446,4,4,0,5,4,0,0,0,0,0,0
1257931,8417491614534,1,4,0,2,1,0,0,0,0,0,0
1257932,8417475517813,1,4,0,2,1,0,0,0,0,0,0
1257933,8417459421123,1,4,0,2,1,0,0,0,0,0,0
1257934,8484608591309,4,4,0,5,3,1,0,0,0,0,0
1257935,8420426180255,5,4,0,6,4,1,0,0,0,0,0
1257936,8432674327043,5,4,0,6,3,2,0,0,0,0,0
1257937,8491276929192,2,4,0,3,2,0,0,0,0,0,0
1257938,8413605720330,5,4,0,6,3,2,0,0,0,0,0
1257939,8439192102972,2,4,0,3,2,0,0,0,0,0,0
1257940,8395519141360,0,4,0,1,0,0,0,0,0,0,0
1257941,8395503128178,0,4,0,1,0,0,0,0,0,0,0
1257942,8395487115027,0,4,0,1,0,0,0,0,0,0,0
1257943,8417299368405,1,4,0,2,1,0,0,0,0,0,0
1257944,8395455088815,0,4,0,1,0,0,0,0,0,0,0
1257945,8439095442198,2,4,0,3,1,1,0,0,0,0,0
1257946,7845185182928,3,4,0,4,2,1,0,0,0,0,0
1257947,8417236487419,1,4,0,2,1,0,0,0,0,0,0
1257948,8395392332853,0,4,0,1,0,0,0,0,0,0,0
1257949,8395376319913,0,4,0,1,0,0,0,0,0,0,0
1257950,8417188285423,1,4,0,2,1,0,0,0,0,0,0
1257951,8352235382566,5,4,0,6,3,2,0,0,0,0,0
1257952,8482640343422,4,4,0,5,4,0,0,0,0,0,0
1257953,8484303066538,2,4,0,3,0,2,0,0,0,0,0
1257954,8500415709327,4,4,0,5,2,2,0,0,0,0,0
1257955,8416871546540,5,4,0,6,4,1,0,0,0,0,0
1257956,8488747927523,4,4,0,5,3,1,0,0,0,0,0
1257957,8517076414730,2,4,0,3,0,2,0,0,0,0,0
1257958,8417060402064,1,4,0,2,0,1,0,0,0,0,0
1257959,8438871911209,2,4,0,3,2,0,0,0,0,0,0
1257960,8438855815352,2,4,0,3,0,2,0,0,0,0,0
1257961,8492569003884,3,4,0,4,3,0,0,0,0,0,0
1257962,8482478708892,4,4,0,5,4,0,0,0,0,0,0
1257963,8430945339376,5,4,0,6,3,2,0,0,0,0,0
1257964,8492520552234,3,4,0,4,0,3,0,0,0,0,0
1257965,8489146300977,4,4,0,5,3,1,0,0,0,0,0
1257966,8448139486722,5,4,0,6,5,0,0,0,0,0,0
1257967,8434873036285,3,4,0,4,0,3,0,0,0,0,0
1257968,8461498044546,2,4,0,3,1,1,0,0,0,0,0
1257969,8448545183662,5,4,0,6,5,0,0,0,0,0,0
1257970,8442053595033,2,4,0,3,2,0,0,0,0,0,0
1257971,8460506441020,3,4,0,4,3,0,0,0,0,0,0
1257972,8395009107967,0,4,0,1,0,0,0,0,0,0,0
1257973,8437883305818,4,4,0,5,2,2,0,0,0,0,0
1257974,8440310220675,2,4,0,3,0,2,0,0,0,0,0
1257975,8424961200985,3,4,0,4,0,3,0,0,0,0,0
1257976,8415161765886,5,4,0,6,1,4,0,0,0,0,0
1257977,8487273826691,4,4,0,5,3,1,0,0,0,0,0
1257978,8439553305229,5,4,0,6,4,1,0,0,0,0,0
1257979,8487505947936,2,4,0,3,0,2,0,0,0,0,0
1257980,8456514233385,3,4,0,4,2,1,0,0,0,0,0
1257981,8484550426311,3,4,0,4,2,1,0,0,0,0,0
1257982,8541860849522,3,4,0,4,2,1,0,0,0,0,0
1257983,8442932751925,5,4,0,6,5,0,0,0,0,0,0
1257984,8392294079908,5,4,0,6,3,2,0,0,0,0,0
1257985,8463639412734,3,4,0,4,1,2,0,0,0,0,0
1257986,8470339071689,2,4,0,3,2,0,0,0,0,0,0
1257987,8394769843121,0,4,0,1,0,0,0,0,0,0,0
1257988,8409662731399,4,4,0,5,3,1,0,0,0,0,0
1257989,8394738002565,0,4,0,1,0,0,0,0,0,0,0
1257990,8434721990873,4,4,0,5,0,4,0,0,0,0,0
1257991,8417466742955,5,4,0,6,2,3,0,0,0,0,0
1257992,8448084649261,5,4,0,6,5,0,0,0,0,0,0
1257993,8118097071732,5,4,0,6,1,4,0,0,0,0,0
1257994,8509890538103,5,4,0,6,3,2,0,0,0,0,0
1257995,8403670919415,5,4,0,6,0,5,0,0,0,0,0
1257996,8490326548135,3,4,0,4,0,3,0,0,0,0,0
1257997,8433486159721,3,4,0,4,0,3,0,0,0,0,0
1257998,8306995949862,3,4,0,4,0,3,0,0,0,0,0
1257999,8405523183595,5,4,0,6,0,5,0,0,0,0,0
1258000,8435272780955,3,4,0,4,0,3,0,0,0,0,0
1258001,8434982163016,3,4,0,4,0,3,0,0,0,0,0
1258002,8424532361937,3,4,0,4,0,3,0,0,0,0,0
1258003,8835002251736,5,4,0,6,4,1,0,0,0,0,0
1258004,8434308130235,3,4,0,4,0,3,0,0,0,0,0
1258005,8300209236464,5,4,0,6,2,3,0,0,0,0,0
1258006,8435203084671,3,4,0,4,0,3,0,0,0,0,0
1258007,8476152212763,4,4,0,5,1,3,0,0,0,0,0
1258008,8434437165381,4,4,0,5,0,4,0,0,0,0,0
1258009,8479972144112,3,4,0,4,0,3,0,0,0,0,0
1258010,8382379024670,1,4,0,2,0,1,0,0,0,0,0
1258011,8485050503526,2,4,0,3,0,2,0,0,0,0,0
1258012,8491749867722,3,4,0,4,2,1,0,0,0,0,0
1258013,8473266746931,2,4,0,3,0,2,0,0,0,0,0
1258014,8608652361522,5,4,0,6,3,2,0,0,0,0,0
1258015,8417256194755,5,4,0,6,2,3,0,0,0,0,0
1258016,8457960243142,4,4,0,5,0,4,0,0,0,0,0
1258017,8453367484205,2,4,0,3,0,2,0,0,0,0,0
1258018,8209296309736,3,4,0,4,0,3,0,0,0,0,0
1258019,8668260801019,5,4,0,6,4,1,0,0,0,0,0
1258020,8486583932431,4,4,0,5,0,4,0,0,0,0,0
1258021,8482970844806,3,4,0,4,1,2,0,0,0,0,0
1258022,8481514943522,3,4,0,4,2,1,0,0,0,0,0
1258023,8255775444758,3,4,0,4,1,2,0,0,0,0,0
1258024,8233959093117,4,4,0,5,4,0,0,0,0,0,0
1258025,8481468786975,4,4,0,5,4,0,0,0,0,0,0
1258026,8401189562664,5,4,0,6,4,1,0,0,0,0,0
1258027,8447507999952,5,4,0,6,5,0,0,0,0,0,0
1258028,8615356337947,4,4,0,5,3,1,0,0,0,0,0
1258029,8428821885318,5,4,0,6,3,2,0,0,0,0,0
1258030,8424395760270,5,4,0,6,2,3,0,0,0,0,0
1258031,7842623302634,2,4,0,3,0,2,0,0,0,0,0
1258032,8457708346493,4,4,0,5,1,3,0,0,0,0,0
1258033,8479661458525,2,4,0,3,0,2,0,0,0,0,0
1258034,8479646846585,2,4,0,3,1,1,0,0,0,0,0
1258035,8484665769999,2,4,0,3,0,2,0,0,0,0,0
1258036,7842788030287,2,4,0,3,0,2,0,0,0,0,0
1258037,8425718056784,3,4,0,4,1,2,0,0,0,0,0
1258038,8479097280151,2,4,0,3,0,2,0,0,0,0,0
1258039,8478146335111,5,4,0,6,5,0,0,0,0,0,0
1258040,8377155094988,5,4,0,6,3,2,0,0,0,0,0
1258041,8655764069934,5,4,0,6,3,2,0,0,0,0,0
1258042,8436863753969,3,4,0,4,1,2,0,0,0,0,0
1258043,8497679606470,5,4,0,6,5,0,0,0,0,0,0
1258044,8487212539741,5,4,0,6,4,1,0,0,0,0,0
1258045,8499288248538,5,4,0,6,3,2,0,0,0,0,0
1258046,8498131726771,5,4,0,6,3,2,0,0,0,0,0
1258047,8499999770704,5,4,0,6,4,1,0,0,0,0,0
1258048,8523494774190,5,4,0,6,5,0,0,0,0,0,0
1258049,8493670885079,3,4,0,4,1,2,0,0,0,0,0
1258050,8484519975048,5,4,0,6,3,2,0,0,0,0,0
1258051,8474591965200,4,4,0,5,3,1,0,0,0,0,0
1258052,8427184274816,3,4,0,4,2,1,0,0,0,0,0
1258053,8494905883318,5,4,0,6,5,0,0,0,0,0,0
1258054,8495293704719,5,4,0,6,4,1,0,0,0,0,0
1258055,8493498142870,4,4,0,5,2,2,0,0,0,0,0
1258056,8492680216823,5,4,0,6,2,3,0,0,0,0,0
1258057,8593772084215,5,4,0,6,3,2,0,0,0,0,0
1258058,8475924603855,5,4,0,6,3,2,0,0,0,0,0
1258059,8494463296354,5,4,0,6,4,1,0,0,0,0,0
1258060,8502481755244,5,4,0,6,4,1,0,0,0,0,0
1258061,8416639171478,4,4,0,5,2,2,0,0,0,0,0
1258062,8561462185952,5,4,0,6,2,3,0,0,0,0,0
1258063,8497331067980,5,4,0,6,0,5,0,0,0,0,0
1258064,8501023048045,5,4,0,6,5,0,0,0,0,0,0
1258065,8203301476285,6,4,0,7,6,0,0,0,0,0,0
1258066,8502645707675,5,4,0,6,5,0,0,0,0,0,0
1258067,8493814794728,5,4,0,6,5,0,0,0,0,0,0
1258068,8493488984760,5,4,0,6,4,1,0,0,0,0,0
1258069,8413586836481,1,4,0,2,1,0,0,0,0,0,0
1258070,8490932864868,2,4,0,3,1,1,0,0,0,0,0
1258071,8492448038635,3,4,0,4,2,1,0,0,0,0,0
1258072,8130775615849,5,4,0,6,0,5,0,0,0,0,0
1258073,8168368031502,4,4,0,5,2,2,0,0,0,0,0
1258074,8398910941588,4,4,0,5,1,3,0,0,0,0,0
1258075,8493967518833,5,4,0,6,4,1,0,0,0,0,0
1258076,8493951473329,5,4,0,6,4,1,0,0,0,0,0
1258077,8489920767586,5,4,0,6,1,4,0,0,0,0,0
1258078,8590082003446,5,4,0,6,2,3,0,0,0,0,0
1258079,8490917637424,5,4,0,6,0,5,0,0,0,0,0
1258080,8484508266851,4,4,0,5,0,4,0,0,0,0,0
1258081,8492032826068,3,4,0,4,0,3,0,0,0,0,0
1258082,8479659530113,4,4,0,5,0,4,0,0,0,0,0
1258083,8473471997324,4,4,0,5,1,3,0,0,0,0,0
1258084,8431081525119,3,4,0,4,2,1,0,0,0,0,0
1258085,8365778422847,3,4,0,4,1,2,0,0,0,0,0
1258086,8493583333781,3,4,0,4,1,2,0,0,0,0,0
1258087,8479656777456,4,4,0,5,1,3,0,0,0,0,0
1258088,8495356098774,5,4,0,6,5,0,0,0,0,0,0
1258089,8225773164818,4,4,0,5,3,1,0,0,0,0,0
1258090,8476355160196,5,4,0,6,1,4,0,0,0,0,0
1258091,8475562481644,6,4,1,6,2,3,0,0,0,0,0
1258092,8497065114341,4,4,0,5,2,2,0,0,0,0,0
1258093,8496549241710,5,4,0,6,2,3,0,0,0,0,0
1258094,8203594199608,6,4,0,7,5,1,0,0,0,0,0
1258095,8487218075817,4,4,0,5,3,1,0,0,0,0,0
1258096,8430185245885,1,4,0,2,0,1,0,0,0,0,0
1258097,8211884786638,6,4,0,7,6,0,0,0,0,0,0
1258098,8226735324003,5,4,0,6,0,5,0,0,0,0,0
1258099,8501961974912,4,4,0,5,2,2,0,0,0,0,0
1258100,8484093232981,3,4,0,4,0,3,0,0,0,0,0
1258101,8440070700600,2,4,0,3,0,2,0,0,0,0,0
1258102,8493341398476,5,4,0,6,5,0,0,0,0,0,0
1258103,8397258288138,2,4,0,3,1,1,0,0,0,0,0
1258104,8482391261603,3,4,0,4,1,2,0,0,0,0,0
1258105,8491490956557,4,4,0,5,2,2,0,0,0,0,0
1258106,8493786586783,5,4,0,6,4,1,0,0,0,0,0
1258107,8493056601294,5,4,0,6,5,0,0,0,0,0,0
1258108,8494614691959,5,4,0,6,4,1,0,0,0,0,0
1258109,8493131349981,5,4,0,6,5,0,0,0,0,0,0
1258110,8207567920213,6,4,0,7,6,0,0,0,0,0,0
1258111,8413129287285,3,4,0,4,0,3,0,0,0,0,0
1258112,8443298579447,2,4,0,3,1,1,0,0,0,0,0
1258113,8492931396155,5,4,0,6,5,0,0,0,0,0,0
1258114,8491246701635,3,4,0,4,0,3,0,0,0,0,0
1258115,8492769639710,5,4,0,6,5,0,0,0,0,0,0
1258116,8482198059697,2,4,0,3,1,1,0,0,0,0,0
1258117,8492980792898,5,4,0,6,4,1,0,0,0,0,0
1258118,8493027326795,5,4,0,6,3,2,0,0,0,0,0
1258119,8507333434997,5,4,0,6,3,2,0,0,0,0,0
1258120,8491258338846,5,4,0,6,0,5,0,0,0,0,0
1258121,8044530029341,2,4,0,3,0,2,0,0,0,0,0
1258122,8474432969151,4,4,0,5,2,2,0,0,0,0,0
1258123,8492799433273,5,4,0,6,4,1,0,0,0,0,0
1258124,8179998974061,6,4,0,7,4,2,0,0,0,0,0
1258125,8449510780657,4,4,0,5,4,0,0,0,0,0,0
1258126,8196490769439,6,4,0,7,4,2,0,0,0,0,0
1258127,8226817333932,6,4,0,7,5,1,0,0,0,0,0
1258128,8489775128716,5,4,0,6,3,2,0,0,0,0,0
1258129,8448893129135,2,4,0,3,1,1,0,0,0,0,0
1258130,8222727922203,6,4,0,7,6,0,0,0,0,0,0
1258131,8492610854516,5,4,0,6,5,0,0,0,0,0,0
1258132,8431279929881,4,4,0,5,3,1,0,0,0,0,0
1258133,8451006655811,3,4,0,4,1,2,0,0,0,0,0
1258134,8473951681132,2,4,0,3,1,1,0,0,0,0,0
1258135,8492474029082,5,4,0,6,5,0,0,0,0,0,0
1258136,8491824913814,4,4,0,5,2,2,0,0,0,0,0
1258137,8492359170865,5,4,0,6,4,1,0,0,0,0,0
1258138,8492350302550,5,4,0,6,5,0,0,0,0,0,0
1258139,8492275435813,5,4,0,6,3,2,0,0,0,0,0
1258140,8481487367447,3,4,0,4,2,1,0,0,0,0,0
1258141,8492230224628,5,4,0,6,5,0,0,0,0,0,0
1258142,8372327231012,3,4,0,4,0,3,0,0,0,0,0
1258143,8492220236074,5,4,0,6,5,0,0,0,0,0,0
1258144,8492218454761,5,4,0,6,4,1,0,0,0,0,0
1258145,8178794590736,6,4,0,7,5,1,0,0,0,0,0
1258146,8455716651537,5,4,0,6,1,4,0,0,0,0,0
1258147,8494108676721,5,4,0,6,4,1,0,0,0,0,0
1258148,8235133141291,6,4,0,7,4,2,0,0,0,0,0
1258149,8881842156517,5,4,0,6,2,3,0,0,0,0,0
1258150,8491551628927,5,4,0,6,0,5,0,0,0,0,0
1258151,8493659785141,5,4,0,6,4,1,0,0,0,0,0
1258152,8492098145003,5,4,0,6,5,0,0,0,0,0,0
1258153,8492067302176,5,4,0,6,4,1,0,0,0,0,0
1258154,8490520598729,4,4,0,5,4,0,0,0,0,0,0
1258155,8232511439049,6,4,0,7,6,0,0,0,0,0,0
1258156,8492063036376,5,4,0,6,5,0,0,0,0,0,0
1258157,8492047747455,5,4,0,6,5,0,0,0,0,0,0
1258158,8446901924778,2,4,0,3,1,1,0,0,0,0,0
1258159,8491461340543,5,4,0,6,2,3,0,0,0,0,0
1258160,8490488554055,3,4,0,4,1,2,0,0,0,0,0
1258161,8232580763575,6,4,0,7,6,0,0,0,0,0,0
1258162,8527189462815,2,4,0,3,1,1,0,0,0,0,0
1258163,8411720698219,2,4,0,3,1,1,0,0,0,0,0
1258164,8491468187035,5,4,0,6,1,4,0,0,0,0,0
1258165,8443309075330,4,4,0,5,2,2,0,0,0,0,0
1258166,8491873142243,5,4,0,6,5,0,0,0,0,0,0
1258167,8491779068452,5,4,0,6,5,0,0,0,0,0,0
1258168,8241467741287,6,4,0,7,6,0,0,0,0,0,0
1258169,8250189345975,6,4,0,7,6,0,0,0,0,0,0
1258170,8491910593230,5,4,0,6,5,0,0,0,0,0,0
1258171,8491785443448,5,4,0,6,3,2,0,0,0,0,0
1258172,8574688684269,5,4,0,6,2,3,0,0,0,0,0
1258173,8491818252529,1,4,0,2,0,1,0,0,0,0,0
1258174,7911998349341,3,4,0,4,1,2,0,0,0,0,0
1258175,8491622012635,5,4,0,6,1,4,0,0,0,0,0
1258176,8444682951774,2,4,0,3,0,2,0,0,0,0,0
1258177,8493867362860,4,4,0,5,3,1,0,0,0,0,0
1258178,8448325267897,2,4,0,3,0,2,0,0,0,0,0
1258179,8236831634153,6,4,0,7,5,1,0,0,0,0,0
1258180,8588526670568,5,4,0,6,2,3,0,0,0,0,0
1258181,8421936738655,2,4,0,3,0,2,0,0,0,0,0
1258182,8489328322748,3,4,0,4,0,3,0,0,0,0,0
1258183,8172198978760,6,4,0,7,0,6,0,0,0,0,0
1258184,8490820246681,5,4,0,6,0,5,0,0,0,0,0
1258185,8515505084873,5,4,0,6,2,3,0,0,0,0,0
1258186,8469361746640,5,4,0,6,1,4,0,0,0,0,0
1258187,8122260476713,2,4,0,3,0,2,0,0,0,0,0
1258188,8451252863099,4,4,0,5,2,2,0,0,0,0,0
1258189,8220204983967,6,4,0,7,5,1,0,0,0,0,0
1258190,8407873188838,5,4,0,6,3,2,0,0,0,0,0
1258191,8492163773960,5,4,0,6,3,2,0,0,0,0,0
1258192,8490647351502,5,4,0,6,5,0,0,0,0,0,0
1258193,8476738201209,4,4,0,5,2,2,0,0,0,0,0
1258194,8263251653749,6,4,0,7,6,0,0,0,0,0,0
1258195,8263466304358,6,4,0,7,6,0,0,0,0,0,0
1258196,8487345030961,2,4,0,3,1,1,0,0,0,0,0
1258197,8264747190535,6,4,0,7,6,0,0,0,0,0,0
1258198,8508594669423,5,4,0,6,3,2,0,0,0,0,0
1258199,8264876069121,6,4,0,7,6,0,0,0,0,0,0
1258200,8423985124007,2,4,0,3,0,2,0,0,0,0,0
1258201,8452233163006,2,4,0,3,1,1,0,0,0,0,0
1258202,8460237960546,2,4,0,3,1,1,0,0,0,0,0
1258203,8227129076136,6,4,0,7,4,2,0,0,0,0,0
1258204,8435351831491,3,4,0,4,0,3,0,0,0,0,0
1258205,8489890306572,5,4,0,6,5,0,0,0,0,0,0
1258206,8465231121298,4,4,0,5,3,1,0,0,0,0,0
1258207,8451019125200,4,4,0,5,2,2,0,0,0,0,0
1258208,8479146534984,3,4,0,4,2,1,0,0,0,0,0
1258209,8489692548260,5,4,0,6,5,0,0,0,0,0,0
1258210,8488925834146,5,4,0,6,4,1,0,0,0,0,0
1258211,8489214153001,5,4,0,6,3,2,0,0,0,0,0
1258212,8293869836083,6,4,0,7,6,0,0,0,0,0,0
1258213,8411512753924,3,4,0,4,2,1,0,0,0,0,0
1258214,8314541794704,6,4,0,7,6,0,0,0,0,0,0
1258215,8489150540257,5,4,0,6,4,1,0,0,0,0,0
1258216,8489000578928,5,4,0,6,5,0,0,0,0,0,0
1258217,8489632036813,5,4,0,6,5,0,0,0,0,0,0
1258218,8481839551605,3,4,0,4,1,2,0,0,0,0,0
1258219,8369000502338,4,4,0,5,0,4,0,0,0,0,0
1258220,8370277079912,6,4,0,7,4,2,0,0,0,0,0
1258221,8063514186442,5,4,0,6,4,1,0,0,0,0,0
1258222,8418911288887,6,4,0,7,6,0,0,0,0,0,0
1258223,8489529272535,5,4,0,6,5,0,0,0,0,0,0
1258224,8405162653029,6,4,0,7,4,2,0,0,0,0,0
1258225,8394845062222,6,4,0,7,5,1,0,0,0,0,0
1258226,8496692214654,6,4,0,7,3,3,0,0,0,0,0
1258227,8507294038047,2,4,0,3,0,2,0,0,0,0,0
1258228,8397379627389,6,4,0,7,5,1,0,0,0,0,0
1258229,8423128692575,6,4,0,7,6,0,0,0,0,0,0
1258230,8337752753291,6,4,0,7,3,3,0,0,0,0,0
1258231,8446374473238,6,4,0,7,6,0,0,0,0,0,0
1258232,8484883957689,5,4,0,6,2,3,0,0,0,0,0
1258233,8375616485846,6,4,0,7,5,1,0,0,0,0,0
1258234,8513558911008,2,4,0,3,1,1,0,0,0,0,0
1258235,8401190687383,6,4,0,7,3,3,0,0,0,0,0
1258236,8255222115156,3,4,0,4,2,1,0,0,0,0,0
1258237,8425736013180,4,4,0,5,1,3,0,0,0,0,0
1258238,8602323969187,5,4,0,6,0,5,0,0,0,0,0
1258239,8185201962881,6,4,0,7,0,6,0,0,0,0,0
1258240,8267734263694,5,4,0,6,2,3,0,0,0,0,0
1258241,8485335657369,5,4,0,6,2,3,0,0,0,0,0
1258242,8305748171124,6,4,0,7,5,1,0,0,0,0,0
1258243,8489446954060,3,4,0,4,1,2,0,0,0,0,0
1258244,8456672525126,6,4,0,7,3,3,0,0,0,0,0
1258245,8438975961744,4,4,0,5,0,4,0,0,0,0,0
1258246,8444098377890,6,4,0,7,6,0,0,0,0,0,0
1258247,8435864868889,6,4,0,7,4,2,0,0,0,0,0
1258248,8511229738800,2,4,0,3,0,2,0,0,0,0,0
1258249,8490352484649,4,4,0,5,2,2,0,0,0,0,0
1258250,8441090351207,6,4,0,7,5,1,0,0,0,0,0
1258251,8459596097394,5,4,0,6,4,1,0,0,0,0,0
1258252,8452531532920,6,4,0,7,6,0,0,0,0,0,0
1258253,8388422871615,6,4,0,7,1,5,0,0,0,0,0
1258254,8511604590482,2,4,0,3,0,2,0,0,0,0,0
1258255,8490208766861,3,4,0,4,2,1,0,0,0,0,0
1258256,8511558337625,2,4,0,3,0,2,0,0,0,0,0
1258257,8451569007775,6,4,0,7,6,0,0,0,0,0,0
1258258,8359926816246,4,4,0,5,2,2,0,0,0,0,0
1258259,8400458044640,1,4,0,2,0,1,0,0,0,0,0
1258260,8461258339104,6,4,0,7,6,0,0,0,0,0,0
1258261,8455471865262,6,4,0,7,6,0,0,0,0,0,0
1258262,8493798877829,5,4,0,6,4,1,0,0,0,0,0
1258263,8400394187611,1,4,0,2,0,1,0,0,0,0,0
1258264,8458965583431,2,4,0,3,0,2,0,0,0,0,0
1258265,8400362251281,1,4,0,2,0,1,0,0,0,0,0
1258266,8479209536775,3,4,0,4,1,2,0,0,0,0,0
1258267,8480581850766,5,4,0,6,5,0,0,0,0,0,0
1258268,8536582406362,6,4,0,7,2,4,0,0,0,0,0
1258269,8292030645131,4,4,0,5,1,3,0,0,0,0,0
1258270,8285844827270,3,4,0,4,2,1,0,0,0,0,0
1258271,8460540679865,6,4,0,7,6,0,0,0,0,0,0
1258272,8457985715389,6,4,0,7,5,1,0,0,0,0,0
1258273,8480461599583,5,4,0,6,5,0,0,0,0,0,0
1258274,8449025259693,6,4,0,7,5,1,0,0,0,0,0
1258275,8489517194391,5,4,0,6,1,4,0,0,0,0,0
1258276,8461613084383,6,4,0,7,4,2,0,0,0,0,0
1258277,8313423554699,5,4,0,6,2,3,0,0,0,0,0
1258278,8476005468653,6,4,0,7,5,1,0,0,0,0,0
1258279,8488371493473,5,4,0,6,4,1,0,0,0,0,0
1258280,8591951947485,5,4,0,6,2,3,0,0,0,0,0
1258281,8479751055808,5,4,0,6,4,1,0,0,0,0,0
1258282,8458722076962,6,4,0,7,2,4,0,0,0,0,0
1258283,8494889244992,4,4,0,5,3,1,0,0,0,0,0
1258284,8387641531672,3,4,0,4,1,2,0,0,0,0,0
1258285,8492046917585,6,4,0,7,4,2,0,0,0,0,0
1258286,8496929233259,6,4,0,7,6,0,0,0,0,0,0
1258287,8490960139077,4,4,0,5,0,4,0,0,0,0,0
1258288,8410777571375,4,4,0,5,3,1,0,0,0,0,0
1258289,8496343714010,6,4,0,7,6,0,0,0,0,0,0
1258290,8491837143528,6,4,0,7,3,3,0,0,0,0,0
1258291,8493851769698,6,4,0,7,6,0,0,0,0,0,0
1258292,8477436188261,6,4,0,7,4,2,0,0,0,0,0
1258293,8541120227853,6,4,0,7,2,4,0,0,0,0,0
1258294,8415133832101,6,4,0,7,0,6,0,0,0,0,0
1258295,8475160644266,5,4,0,6,1,4,0,0,0,0,0
1258296,8488948935789,6,4,0,7,5,1,0,0,0,0,0
1258297,8484045898185,6,4,0,7,3,3,0,0,0,0,0
1258298,8300300735318,7,4,0,8,7,0,0,0,0,0,0
1258299,8495352394815,6,4,0,7,6,0,0,0,0,0,0
1258300,8487988210517,6,4,0,7,1,5,0,0,0,0,0
1258301,8490460599560,3,4,0,4,0,3,0,0,0,0,0
1258302,8493463515762,6,4,0,7,4,2,0,0,0,0,0
1258303,8505108749893,6,4,0,7,3,3,0,0,0,0,0
1258304,8486026273333,6,4,0,7,5,1,0,0,0,0,0
1258305,8490421145020,6,4,0,7,5,1,0,0,0,0,0
1258306,8488459093748,5,4,0,6,4,1,0,0,0,0,0
1258307,8308714264386,7,4,0,8,7,0,0,0,0,0,0
1258308,8443872547625,6,4,0,7,4,2,0,0,0,0,0
1258309,8509597806370,6,4,0,7,6,0,0,0,0,0,0
1258310,8309026581888,7,4,0,8,7,0,0,0,0,0,0
1258311,8470223633679,5,4,0,6,5,0,0,0,0,0,0
1258312,8533154516616,6,4,0,7,5,1,0,0,0,0,0
1258313,8458201210621,3,4,0,4,2,1,0,0,0,0,0
1258314,8301002403234,7,4,0,8,7,0,0,0,0,0,0
1258315,8440567536183,5,4,0,6,2,3,0,0,0,0,0
1258316,8499775768008,6,4,0,7,4,2,0,0,0,0,0
1258317,8479535161442,3,4,0,4,0,3,0,0,0,0,0
1258318,8406295680916,1,4,0,2,1,0,0,0,0,0,0
1258319,8406279615244,1,4,0,2,1,0,0,0,0,0,0
1258320,8389487156229,0,4,0,1,0,0,0,0,0,0,0
1258321,8439471154552,5,4,0,6,0,5,0,0,0,0,0
1258322,8457902095178,4,4,0,5,3,1,0,0,0,0,0
1258323,8423051700000,2,4,0,3,1,1,0,0,0,0,0
1258324,8443117593910,3,4,0,4,1,2,0,0,0,0,0
1258325,8429407148150,4,4,0,5,1,3,0,0,0,0,0
1258326,8406210932179,1,4,0,2,1,0,0,0,0,0,0
1258327,8489569272437,6,4,0,7,3,3,0,0,0,0,0
1258328,8489059451325,4,4,0,5,2,2,0,0,0,0,0
1258329,8489047065543,3,4,0,4,2,1,0,0,0,0,0
1258330,7815393914579,6,4,0,7,4,2,0,0,0,0,0
1258331,8434145534250,2,4,0,3,0,2,0,0,0,0,0
1258332,8452962512057,3,4,0,4,3,0,0,0,0,0,0
1258333,8466476478288,6,4,0,7,3,3,0,0,0,0,0
1258334,8443402137460,5,4,0,6,4,1,0,0,0,0,0
1258335,8452081621067,4,4,0,5,3,1,0,0,0,0,0
1258336,8473397110188,5,4,0,6,4,1,0,0,0,0,0
1258337,8475970718709,5,4,0,6,4,1,0,0,0,0,0
1258338,8429058878632,4,4,0,5,0,4,0,0,0,0,0
1258339,8389184835437,0,4,0,1,0,0,0,0,0,0,0
1258340,8622849067833,4,4,0,5,2,2,0,0,0,0,0
1258341,8405992917892,1,4,0,2,1,0,0,0,0,0,0
1258342,8389136832228,0,4,0,1,0,0,0,0,0,0,0
1258343,8439668861167,3,4,0,4,2,1,0,0,0,0,0
1258344,8399104830241,1,4,0,2,1,0,0,0,0,0,0
1258345,8433946790062,2,4,0,3,0,2,0,0,0,0,0
1258346,8422788685616,2,4,0,3,2,0,0,0,0,0,0
1258347,8473346309780,5,4,0,6,4,1,0,0,0,0,0
1258348,8389040826633,0,4,0,1,0,0,0,0,0,0,0
1258349,8488974051333,5,4,0,6,4,1,0,0,0,0,0
1258350,8575242296539,5,4,0,6,3,2,0,0,0,0,0
1258351,8405881266470,1,4,0,2,1,0,0,0,0,0,0
1258352,8473631903532,5,4,0,6,5,0,0,0,0,0,0
1258353,8440183195014,3,4,0,4,3,0,0,0,0,0,0
1258354,8479093005196,4,4,0,5,2,2,0,0,0,0,0
1258355,8270814221272,5,4,0,6,4,1,0,0,0,0,0
1258356,8445987330670,5,4,0,6,1,4,0,0,0,0,0
1258357,8406133660997,1,4,0,2,1,0,0,0,0,0,0
1258358,8258408847377,7,4,0,8,6,1,0,0,0,0,0
1258359,8445939679919,5,4,0,6,0,5,0,0,0,0,0
1258360,8491145468032,5,4,0,6,4,1,0,0,0,0,0
1258361,8488833749431,1,4,0,2,0,1,0,0,0,0,0
1258362,8388817749000,0,4,0,1,0,0,0,0,0,0,0
1258363,8388801748600,0,4,0,1,0,0,0,0,0,0,0
1258364,8426167825561,2,4,0,3,2,0,0,0,0,0,0
1258365,8473533759968,5,4,0,6,0,5,0,0,0,0,0
1258366,8388753747583,0,4,0,1,0,0,0,0,0,0,0
1258367,8407553914090,1,4,0,2,1,0,0,0,0,0,0
1258368,8454050783167,3,4,0,4,2,1,0,0,0,0,0
1258369,8492747299281,3,4,0,4,1,2,0,0,0,0,0
1258370,8477113531730,5,4,0,6,0,5,0,0,0,0,0
1258371,8478959777730,6,4,0,7,3,3,0,0,0,0,0
1258372,8490076632511,6,4,0,7,3,3,0,0,0,0,0
1258373,8475689251597,5,4,0,6,3,2,0,0,0,0,0
1258374,8551016323646,5,4,0,6,4,1,0,0,0,0,0
1258375,8476238626124,6,4,0,7,3,3,0,0,0,0,0
1258376,8475070544294,3,4,0,4,2,1,0,0,0,0,0
1258377,8498254034302,3,4,0,4,2,1,0,0,0,0,0
1258378,8482383320885,6,4,0,7,4,2,0,0,0,0,0
1258379,8465579753398,4,4,0,5,1,3,0,0,0,0,0
1258380,8484323842642,6,4,0,7,5,1,0,0,0,0,0
1258381,8575127619616,6,4,0,7,5,1,0,0,0,0,0
1258382,8388498067560,0,4,0,1,0,0,0,0,0,0,0
1258383,8495754118007,4,4,0,5,4,0,0,0,0,0,0
1258384,8447390151943,3,4,0,4,3,0,0,0,0,0,0
1258385,8399634644040,6,4,0,7,2,4,0,0,0,0,0
1258386,8438122248707,2,4,0,3,2,0,0,0,0,0,0
1258387,8408124556314,1,4,0,2,0,1,0,0,0,0,0
1258388,8427976969136,2,4,0,3,1,1,0,0,0,0,0
1258389,8388386273718,0,4,0,1,0,0,0,0,0,0,0
1258390,8434500852687,2,4,0,3,1,1,0,0,0,0,0
1258391,8481160294169,5,4,0,6,4,1,0,0,0,0,0
1258392,8454066970034,3,4,0,4,1,2,0,0,0,0,0
1258393,8433067487465,2,4,0,3,1,1,0,0,0,0,0
1258394,8442115956232,2,4,0,3,1,1,0,0,0,0,0
1258395,8390998777748,3,4,0,4,0,3,0,0,0,0,0
1258396,8497322401467,5,4,0,6,4,1,0,0,0,0,0
1258397,8497306154258,5,4,0,6,4,1,0,0,0,0,0
1258398,8480204054847,4,4,0,5,1,3,0,0,0,0,0
1258399,8368239497295,5,4,0,6,1,4,0,0,0,0,0
1258400,8453639254889,3,4,0,4,3,0,0,0,0,0,0
1258401,8457289089063,3,4,0,4,3,0,0,0,0,0,0
1258402,8453607061012,3,4,0,4,3,0,0,0,0,0,0
1258403,8388163099204,0,4,0,1,0,0,0,0,0,0,0
1258404,8485449791955,3,4,0,4,0,3,0,0,0,0,0
1258405,8493814385117,5,4,0,6,2,3,0,0,0,0,0
1258406,8484897920861,4,4,0,5,2,2,0,0,0,0,0
1258407,8475335509539,4,4,0,5,0,4,0,0,0,0,0
1258408,8436801191921,5,4,0,6,3,2,0,0,0,0,0
1258409,8487046856530,2,4,0,3,0,2,0,0,0,0,0
1258410,8451290364636,5,4,0,6,5,0,0,0,0,0,0
1258411,8422779228545,5,4,0,6,3,2,0,0,0,0,0
1258412,8473577437693,2,4,0,3,0,2,0,0,0,0,0
1258413,8423665661127,5,4,0,6,3,2,0,0,0,0,0
1258414,8437105048358,5,4,0,6,4,1,0,0,0,0,0
1258415,8461266879368,3,4,0,4,2,1,0,0,0,0,0
1258416,8387955747460,0,4,0,1,0,0,0,0,0,0,0
1258417,8409748433641,1,4,0,2,1,0,0,0,0,0,0
1258418,8463415207684,3,4,0,4,3,0,0,0,0,0,0
1258419,8419190868188,5,4,0,6,2,3,0,0,0,0,0
1258420,8481317706146,4,4,0,5,4,0,0,0,0,0,0
1258421,8453301459121,3,4,0,4,2,1,0,0,0,0,0
1258422,8387859903697,0,4,0,1,0,0,0,0,0,0,0
1258423,8304088142726,5,4,0,6,1,4,0,0,0,0,0
1258424,8409636734663,1,4,0,2,1,0,0,0,0,0,0
1258425,8387812300410,0,4,0,1,0,0,0,0,0,0,0
1258426,8387796301928,0,4,0,1,0,0,0,0,0,0,0
1258427,8432969153579,4,4,0,5,3,1,0,0,0,0,0
1258428,8427727654170,5,4,0,6,3,2,0,0,0,0,0
1258429,8480014229908,4,4,0,5,1,3,0,0,0,0,0
1258430,8387732561847,0,4,0,1,0,0,0,0,0,0,0
1258431,8387716563517,0,4,0,1,0,0,0,0,0,0,0
1258432,8363942931147,5,4,0,6,2,3,0,0,0,0,0
1258433,8387684835865,0,4,0,1,0,0,0,0,0,0,0
1258434,8465476818197,3,4,0,4,2,1,0,0,0,0,0
1258435,8387652839417,0,4,0,1,0,0,0,0,0,0,0
1258436,8474868430723,4,4,0,5,1,3,0,0,0,0,0
1258437,8461236554659,3,4,0,4,3,0,0,0,0,0,0
1258438,8473158619142,2,4,0,3,1,1,0,0,0,0,0
1258439,8199903667933,4,4,0,5,2,2,0,0,0,0,0
1258440,8483192087574,4,4,0,5,3,1,0,0,0,0,0
1258441,8473110725024,2,4,0,3,1,1,0,0,0,0,0
1258442,8474772321872,2,4,0,3,0,2,0,0,0,0,0
1258443,8415063659158,2,4,0,3,1,1,0,0,0,0,0
1258444,8476417795882,2,4,0,3,0,2,0,0,0,0,0
1258445,8432786288584,2,4,0,3,0,2,0,0,0,0,0
1258446,8474707538371,4,4,0,5,0,4,0,0,0,0,0
1258447,8427234861286,3,4,0,4,0,3,0,0,0,0,0
1258448,8425645892984,5,4,0,6,3,2,0,0,0,0,0
1258449,8474659684153,4,4,0,5,4,0,0,0,0,0,0
1258450,8408576199919,5,4,0,6,4,1,0,0,0,0,0
1258451,8431012633999,2,4,0,3,2,0,0,0,0,0,0
1258452,8409189319165,1,4,0,2,1,0,0,0,0,0,0
1258453,8387366086495,0,4,0,1,0,0,0,0,0,0,0
1258454,8482966062233,2,4,0,3,1,1,0,0,0,0,0
1258455,8412496189518,1,4,0,2,0,1,0,0,0,0,0
1258456,8153954615461,3,4,0,4,1,2,0,0,0,0,0
1258457,8474530921360,4,4,0,5,1,3,0,0,0,0,0
1258458,8309407617587,5,4,0,6,4,1,0,0,0,0,0
1258459,8484563733415,3,4,0,4,3,0,0,0,0,0,0
1258460,8452332085443,3,4,0,4,3,0,0,0,0,0,0
1258461,8474466746372,4,4,0,5,0,4,0,0,0,0,0
1258462,8401127463726,5,4,0,6,0,5,0,0,0,0,0
1258463,8421493237137,5,4,0,6,3,2,0,0,0,0,0
1258464,8387191602807,0,4,0,1,0,0,0,0,0,0,0
1258465,8419998739476,5,4,0,6,4,1,0,0,0,0,0
1258466,8472709069533,3,4,0,4,1,2,0,0,0,0,0
1258467,8435789429256,2,4,0,3,1,1,0,0,0,0,0
1258468,8387127762355,0,4,0,1,0,0,0,0,0,0,0
1258469,8387111765179,0,4,0,1,0,0,0,0,0,0,0
1258470,8417857600592,5,4,0,6,3,2,0,0,0,0,0
1258471,8482499270373,4,4,0,5,3,1,0,0,0,0,0
1258472,8454160565680,3,4,0,4,0,3,0,0,0,0,0
1258473,8450789615095,1,4,0,2,0,1,0,0,0,0,0
1258474,8387031932241,0,4,0,1,0,0,0,0,0,0,0
1258475,8408822218265,1,4,0,2,0,1,0,0,0,0,0
1258476,8423853049029,4,4,0,5,2,2,0,0,0,0,0
1258477,8493628741656,4,4,0,5,2,2,0,0,0,0,0
1258478,8392814299076,5,4,0,6,4,1,0,0,0,0,0
1258479,8430096012331,5,4,0,6,4,1,0,0,0,0,0
1258480,8435578600328,5,4,0,6,5,0,0,0,0,0,0
1258481,8070494850060,3,4,0,4,0,3,0,0,0,0,0
1258482,8482516468430,2,4,0,3,1,1,0,0,0,0,0
1258483,8644889396432,4,4,0,5,2,2,0,0,0,0,0
1258484,8482484394264,2,4,0,3,1,1,0,0,0,0,0
1258485,8207796864947,2,4,0,3,0,2,0,0,0,0,0
1258486,8408647842671,1,4,0,2,1,0,0,0,0,0,0
1258487,8426825975212,4,4,0,5,1,3,0,0,0,0,0
1258488,8482420848391,2,4,0,3,0,2,0,0,0,0,0
1258489,8482404811703,2,4,0,3,1,1,0,0,0,0,0
1258490,8482388690389,2,4,0,3,0,2,0,0,0,0,0
1258491,8417771639272,5,4,0,6,2,3,0,0,0,0,0
1258492,8198011477812,3,4,0,4,2,1,0,0,0,0,0
1258493,8440143764399,5,4,0,6,5,0,0,0,0,0,0
1258494,8440058755303,5,4,0,6,5,0,0,0,0,0,0
1258495,8482307541977,2,4,0,3,1,1,0,0,0,0,0
1258496,8470486045720,2,4,0,3,0,2,0,0,0,0,0
1258497,8398082983663,5,4,0,6,0,5,0,0,0,0,0
1258498,8482259614955,2,4,0,3,0,2,0,0,0,0,0
1258499,7825879306090,2,4,0,3,0,2,0,0,0,0,0
1258500,8462036471633,4,4,0,5,3,1,0,0,0,0,0
1258501,8482212938943,2,4,0,3,1,1,0,0,0,0,0
1258502,8482196942764,2,4,0,3,1,1,0,0,0,0,0
1258503,8482180700968,2,4,0,3,0,2,0,0,0,0,0
1258504,8470359574816,2,4,0,3,0,2,0,0,0,0,0
1258505,8482148954412,2,4,0,3,1,1,0,0,0,0,0
1258506,8482132629520,2,4,0,3,0,2,0,0,0,0,0
1258507,8482116962329,2,4,0,3,1,1,0,0,0,0,0
1258508,8215272272466,3,4,0,4,1,2,0,0,0,0,0
1258509,8482085520893,2,4,0,3,1,1,0,0,0,0,0
1258510,8465230264827,4,4,0,5,1,3,0,0,0,0,0
1258511,8482050859560,2,4,0,3,0,2,0,0,0,0,0
1258512,8482036997825,2,4,0,3,1,1,0,0,0,0,0
1258513,8215299042416,3,4,0,4,1,2,0,0,0,0,0
1258514,8398653936154,5,4,0,6,2,3,0,0,0,0,0
1258515,8215320503143,3,4,0,4,1,2,0,0,0,0,0
1258516,8485322569396,3,4,0,4,1,2,0,0,0,0,0
1258517,8483635442318,2,4,0,3,1,1,0,0,0,0,0
1258518,8475230761018,3,4,0,4,0,3,0,0,0,0,0
1258519,8185098678792,2,4,0,3,0,2,0,0,0,0,0
1258520,8471846706494,2,4,0,3,1,1,0,0,0,0,0
1258521,8446629985670,3,4,0,4,2,1,0,0,0,0,0
1258522,8230455352566,3,4,0,4,2,1,0,0,0,0,0
1258523,8481863891234,2,4,0,3,2,0,0,0,0,0,0
1258524,8210023127091,3,4,0,4,1,2,0,0,0,0,0
1258525,8477163399623,3,4,0,4,1,2,0,0,0,0,0
1258526,8483492879006,2,4,0,3,0,2,0,0,0,0,0
1258527,8473409449039,4,4,0,5,3,1,0,0,0,0,0
1258528,8439611904784,5,4,0,6,5,0,0,0,0,0,0
1258529,8471699380253,2,4,0,3,2,0,0,0,0,0,0
1258530,8439507366323,5,4,0,6,5,0,0,0,0,0,0
1258531,8424300913137,5,4,0,6,3,2,0,0,0,0,0
1258532,8439572768944,5,4,0,6,5,0,0,0,0,0,0
1258533,8440865932392,5,4,0,6,5,0,0,0,0,0,0
1258534,8334292977185,5,4,0,6,1,4,0,0,0,0,0
1258535,8473285566563,4,4,0,5,4,0,0,0,0,0,0
1258536,8432277793227,3,4,0,4,1,2,0,0,0,0,0
1258537,8406946342015,3,4,0,4,0,3,0,0,0,0,0
1258538,8412733859406,5,4,0,6,2,3,0,0,0,0,0
1258539,8122416220281,2,4,0,3,0,2,0,0,0,0,0
1258540,8313432157374,5,4,0,6,1,4,0,0,0,0,0
1258541,8473185378557,4,4,0,5,2,2,0,0,0,0,0
1258542,8471492665090,2,4,0,3,1,1,0,0,0,0,0
1258543,8471476383059,2,4,0,3,1,1,0,0,0,0,0
1258544,8446219005298,3,4,0,4,2,1,0,0,0,0,0
1258545,8446265854408,3,4,0,4,2,1,0,0,0,0,0
1258546,8471428536179,2,4,0,3,1,1,0,0,0,0,0
1258547,8231512172708,5,4,0,6,0,5,0,0,0,0,0
1258548,8471397320348,2,4,0,3,1,1,0,0,0,0,0
1258549,8186150357406,4,4,0,5,1,3,0,0,0,0,0
1258550,8468451470470,4,4,0,5,0,4,0,0,0,0,0
1258551,8444763792108,2,4,0,3,0,2,0,0,0,0,0
1258552,7835628956369,2,4,0,3,0,2,0,0,0,0,0
1258553,8446098796369,3,4,0,4,2,1,0,0,0,0,0
1258554,8446082980637,3,4,0,4,2,1,0,0,0,0,0
1258555,8443284885598,3,4,0,4,2,1,0,0,0,0,0
1258556,8471271072395,2,4,0,3,1,1,0,0,0,0,0
1258557,7835636343145,2,4,0,3,0,2,0,0,0,0,0
1258558,8456080378612,2,4,0,3,0,2,0,0,0,0,0
1258559,8356454430398,5,4,0,6,0,5,0,0,0,0,0
1258560,8472882876273,4,4,0,5,2,2,0,0,0,0,0
1258561,8481252676250,2,4,0,3,1,1,0,0,0,0,0
1258562,7835564299880,2,4,0,3,0,2,0,0,0,0,0
1258563,7835709684023,2,4,0,3,0,2,0,0,0,0,0
1258564,8443001766011,5,4,0,6,5,0,0,0,0,0,0
1258565,8443880689452,3,4,0,4,2,1,0,0,0,0,0
1258566,8211890459367,4,4,0,5,3,1,0,0,0,0,0
1258567,8468680833750,3,4,0,4,2,1,0,0,0,0,0
1258568,8490266009876,5,4,0,6,5,0,0,0,0,0,0
1258569,8492414799706,5,4,0,6,5,0,0,0,0,0,0
1258570,8389169032100,4,4,0,5,2,2,0,0,0,0,0
1258571,8460907949280,4,4,0,5,3,1,0,0,0,0,0
1258572,8472695390929,4,4,0,5,4,0,0,0,0,0,0
1258573,8486574180456,5,4,0,6,4,1,0,0,0,0,0
1258574,8429062828656,2,4,0,3,2,0,0,0,0,0,0
1258575,8407230892451,1,4,0,2,1,0,0,0,0,0,0
1258576,8407214856928,1,4,0,2,1,0,0,0,0,0,0
1258577,8482837293693,5,4,0,6,1,4,0,0,0,0,0
1258578,8454147659410,3,4,0,4,2,1,0,0,0,0,0
1258579,8439021694353,1,4,0,2,1,0,0,0,0,0,0
1258580,8385355316942,0,4,0,1,0,0,0,0,0,0,0
1258581,8485933408666,3,4,0,4,0,3,0,0,0,0,0
1258582,8491092325429,4,4,0,5,0,4,0,0,0,0,0
1258583,8407102637694,1,4,0,2,1,0,0,0,0,0,0
1258584,8430572001550,2,4,0,3,1,1,0,0,0,0,0
1258585,8267267143695,3,4,0,4,1,2,0,0,0,0,0
1258586,8442637280282,5,4,0,6,3,2,0,0,0,0,0
1258587,8511243918079,2,4,0,3,1,1,0,0,0,0,0
1258588,8385227924495,0,4,0,1,0,0,0,0,0,0,0
1258589,8450616750305,3,4,0,4,1,2,0,0,0,0,0
1258590,8385195937420,0,4,0,1,0,0,0,0,0,0,0
1258591,8385179943928,0,4,0,1,0,0,0,0,0,0,0
1258592,8385163950466,0,4,0,1,0,0,0,0,0,0,0
1258593,8434949383305,2,4,0,3,1,1,0,0,0,0,0
1258594,8385131963635,0,4,0,1,0,0,0,0,0,0,0
1258595,8385115970265,0,4,0,1,0,0,0,0,0,0,0
1258596,8438410554213,5,4,0,6,5,0,0,0,0,0,0
1258597,8478487994414,4,4,0,5,3,1,0,0,0,0,0
1258598,8425068096569,2,4,0,3,0,2,0,0,0,0,0
1258599,8230918236891,3,4,0,4,2,1,0,0,0,0,0
1258600,8452038232615,3,4,0,4,3,0,0,0,0,0,0
1258601,8438376494264,5,4,0,6,5,0,0,0,0,0,0
1258602,8431886563126,5,4,0,6,4,1,0,0,0,0,0
1258603,8406790097359,1,4,0,2,1,0,0,0,0,0,0
1258604,8406697902825,1,4,0,2,1,0,0,0,0,0,0
1258605,8414956975735,1,4,0,2,1,0,0,0,0,0,0
1258606,8473821526634,4,4,0,5,0,4,0,0,0,0,0
1258607,8434725877828,2,4,0,3,1,1,0,0,0,0,0
1258608,8384908996718,0,4,0,1,0,0,0,0,0,0,0
1258609,8416893003774,1,4,0,2,0,1,0,0,0,0,0
1258610,8384877010859,0,4,0,1,0,0,0,0,0,0,0
1258611,8412861017976,1,4,0,2,0,1,0,0,0,0,0
1258612,8384845025122,0,4,0,1,0,0,0,0,0,0,0
1258613,8133462443427,3,4,0,4,2,1,0,0,0,0,0
1258614,8438170620939,5,4,0,6,4,1,0,0,0,0,0
1258615,8472000006897,4,4,0,5,3,1,0,0,0,0,0
1258616,7916956806877,5,4,0,6,1,4,0,0,0,0,0
1258617,8418785648096,5,4,0,6,3,2,0,0,0,0,0
1258618,8482014752341,3,4,0,4,3,0,0,0,0,0,0
1258619,8462502894029,3,4,0,4,1,2,0,0,0,0,0
1258620,8429997288961,2,4,0,3,1,1,0,0,0,0,0
1258621,8412703255872,1,4,0,2,0,1,0,0,0,0,0
1258622,8384687263319,0,4,0,1,0,0,0,0,0,0,0
1258623,8181847380495,5,4,0,6,4,1,0,0,0,0,0
1258624,8406456037558,1,4,0,2,1,0,0,0,0,0,0
1258625,8406440005108,1,4,0,2,1,0,0,0,0,0,0
1258626,8475178066214,4,4,0,5,3,1,0,0,0,0,0
1258627,8384607914962,0,4,0,1,0,0,0,0,0,0,0
1258628,8492391903157,4,4,0,5,2,2,0,0,0,0,0
1258629,8449975747227,3,4,0,4,3,0,0,0,0,0,0
1258630,8384559937942,0,4,0,1,0,0,0,0,0,0,0
1258631,8437712211078,3,4,0,4,1,2,0,0,0,0,0
1258632,8434572947942,5,4,0,6,4,1,0,0,0,0,0
1258633,8471711279915,4,4,0,5,2,2,0,0,0,0,0
1258634,8425162550824,5,4,0,6,4,1,0,0,0,0,0
1258635,8444450560521,4,4,0,5,4,0,0,0,0,0,0
1258636,8448902452899,3,4,0,4,3,0,0,0,0,0,0
1258637,8440188420366,5,4,0,6,5,0,0,0,0,0,0
1258638,8443139919557,5,4,0,6,5,0,0,0,0,0,0
1258639,8471614862726,4,4,0,5,4,0,0,0,0,0,0
1258640,8412764810702,5,4,0,6,2,3,0,0,0,0,0
1258641,8438508061463,5,4,0,6,5,0,0,0,0,0,0
1258642,8430849573087,5,4,0,6,4,1,0,0,0,0,0
1258643,8443315104771,2,4,0,3,0,2,0,0,0,0,0
1258644,8427935989317,2,4,0,3,1,1,0,0,0,0,0
1258645,8384321278428,0,4,0,1,0,0,0,0,0,0,0
1258646,8419840046635,5,4,0,6,4,1,0,0,0,0,0
1258647,7979742539017,5,4,0,6,1,4,0,0,0,0,0
1258648,8479855493702,2,4,0,3,0,2,0,0,0,0,0
1258649,8469778498360,2,4,0,3,1,1,0,0,0,0,0
1258650,8481500434696,3,4,0,4,3,0,0,0,0,0,0
1258651,8471423011026,4,4,0,5,4,0,0,0,0,0,0
1258652,8434516119204,2,4,0,3,1,1,0,0,0,0,0
1258653,8394194496296,1,4,0,2,0,1,0,0,0,0,0
1258654,8384178504714,0,4,0,1,0,0,0,0,0,0,0
1258655,8455760241363,3,4,0,4,2,1,0,0,0,0,0
1258656,8471341811746,4,4,0,5,4,0,0,0,0,0,0
1258657,8405929311104,1,4,0,2,1,0,0,0,0,0,0
1258658,8384114538692,0,4,0,1,0,0,0,0,0,0,0
1258659,8384098547262,0,4,0,1,0,0,0,0,0,0,0
1258660,8471277180731,4,4,0,5,4,0,0,0,0,0,0
1258661,8455828329923,2,4,0,3,2,0,0,0,0,0,0
1258662,8405849210830,1,4,0,2,0,1,0,0,0,0,0
1258663,8384034646466,0,4,0,1,0,0,0,0,0,0,0
1258664,8229853534699,3,4,0,4,2,1,0,0,0,0,0
1258665,8448377740297,3,4,0,4,3,0,0,0,0,0,0
1258666,8422709742007,5,4,0,6,3,2,0,0,0,0,0
1258667,8459366640200,4,4,0,5,3,1,0,0,0,0,0
1258668,8234928060837,4,4,0,5,4,0,0,0,0,0,0
1258669,8437265913841,5,4,0,6,5,0,0,0,0,0,0
1258670,8426355547372,5,4,0,6,4,1,0,0,0,0,0
1258671,8459302806228,4,4,0,5,2,2,0,0,0,0,0
1258672,8479469547969,4,4,0,5,1,3,0,0,0,0,0
1258673,8383876216558,0,4,0,1,0,0,0,0,0,0,0
1258674,8383860225583,0,4,0,1,0,0,0,0,0,0,0
1258675,8470793851899,3,4,0,4,1,2,0,0,0,0,0
1258676,8465989917179,2,4,0,3,1,1,0,0,0,0,0
1258677,8474357770525,4,4,0,5,3,1,0,0,0,0,0
1258678,8474341606981,4,4,0,5,2,2,0,0,0,0,0
1258679,8427376011718,2,4,0,3,2,0,0,0,0,0,0
1258680,8383764280374,0,4,0,1,0,0,0,0,0,0,0
1258681,8383748289613,0,4,0,1,0,0,0,0,0,0,0
1258682,8479307029331,2,4,0,3,0,2,0,0,0,0,0
1258683,8459109503231,4,4,0,5,3,1,0,0,0,0,0
1258684,8440709805850,2,4,0,3,0,2,0,0,0,0,0
1258685,8480935250527,4,4,0,5,2,2,0,0,0,0,0
1258686,8381735590982,5,4,0,6,2,3,0,0,0,0,0
1258687,8440448116846,5,4,0,6,5,0,0,0,0,0,0
1258688,8405434177318,1,4,0,2,0,1,0,0,0,0,0
1258689,8428892328216,2,4,0,3,1,1,0,0,0,0,0
1258690,8460673665177,4,4,0,5,2,2,0,0,0,0,0
1258691,8484131668551,4,4,0,5,1,3,0,0,0,0,0
1258692,8492904468301,4,4,0,5,2,2,0,0,0,0,0
1258693,8427121846364,5,4,0,6,2,3,0,0,0,0,0
1258694,8428812108530,2,4,0,3,1,1,0,0,0,0,0
1258695,8415436458279,5,4,0,6,4,1,0,0,0,0,0
1258696,8437716864611,5,4,0,6,5,0,0,0,0,0,0
1258697,8204707629378,4,4,0,5,3,1,0,0,0,0,0
1258698,8470666225667,4,4,0,5,4,0,0,0,0,0,0
1258699,8292060619867,1,4,0,2,0,1,0,0,0,0,0
1258700,8460513922860,4,4,0,5,2,2,0,0,0,0,0
1258701,8468941503849,2,4,0,3,1,1,0,0,0,0,0
1258702,8436888073317,2,4,0,3,0,2,0,0,0,0,0
1258703,8470585721156,4,4,0,5,2,2,0,0,0,0,0
1258704,8526975977252,3,4,0,4,2,1,0,0,0,0,0
1258705,8426959820924,2,4,0,3,2,0,0,0,0,0,0
1258706,8448740499972,3,4,0,4,3,0,0,0,0,0,0
1258707,8405130964030,1,4,0,2,1,0,0,0,0,0,0
1258708,8350357596643,5,4,0,6,1,4,0,0,0,0,0
1258709,8439814018381,5,4,0,6,5,0,0,0,0,0,0
1258710,8426879973449,2,4,0,3,1,1,0,0,0,0,0
1258711,8426863859904,2,4,0,3,1,1,0,0,0,0,0
1258712,8411757817582,1,4,0,2,0,1,0,0,0,0,0
1258713,8428508282816,2,4,0,3,1,1,0,0,0,0,0
1258714,8383222717704,0,4,0,1,0,0,0,0,0,0,0
1258715,8458595865153,4,4,0,5,2,2,0,0,0,0,0
1258716,8446903230912,1,4,0,2,0,1,0,0,0,0,0
1258717,7833255456592,2,4,0,3,0,2,0,0,0,0,0
1258718,7833400798001,2,4,0,3,0,2,0,0,0,0,0
1258719,8437910155057,3,4,0,4,1,2,0,0,0,0,0
1258720,8456841956189,2,4,0,3,0,2,0,0,0,0,0
1258721,8448501883792,3,4,0,4,2,1,0,0,0,0,0
1258722,8383097484484,0,4,0,1,0,0,0,0,0,0,0
1258723,8452673601891,3,4,0,4,3,0,0,0,0,0,0
1258724,8436613380228,5,4,0,6,5,0,0,0,0,0,0
1258725,8448437574336,3,4,0,4,2,1,0,0,0,0,0
1258726,8267484732080,3,4,0,4,1,2,0,0,0,0,0
1258727,8433268944514,5,4,0,6,5,0,0,0,0,0,0
1258728,8228906225503,3,4,0,4,2,1,0,0,0,0,0
1258729,8392578074722,5,4,0,6,2,3,0,0,0,0,0
1258730,8395464388599,5,4,0,6,0,5,0,0,0,0,0
1258731,8344912606584,2,4,0,3,0,2,0,0,0,0,0
1258732,8481858607491,2,4,0,3,0,2,0,0,0,0,0
1258733,8470106190966,4,4,0,5,2,2,0,0,0,0,0
1258734,8440272952601,5,4,0,6,5,0,0,0,0,0,0
1258735,8003639655309,2,4,0,3,1,1,0,0,0,0,0
1258736,8436173922729,5,4,0,6,5,0,0,0,0,0,0
1258737,8436159253976,5,4,0,6,5,0,0,0,0,0,0
1258738,8446052242031,1,4,0,2,0,1,0,0,0,0,0
1258739,8436149462658,5,4,0,6,5,0,0,0,0,0,0
1258740,8436224270763,5,4,0,6,5,0,0,0,0,0,0
1258741,8401041221511,5,4,0,6,3,2,0,0,0,0,0
1258742,8443912017642,4,4,0,5,4,0,0,0,0,0,0
1258743,8196337538129,3,4,0,4,0,3,0,0,0,0,0
1258744,8433684035693,3,4,0,4,1,2,0,0,0,0,0
1258745,8479974738873,2,4,0,3,0,2,0,0,0,0,0
1258746,8478281307505,2,4,0,3,0,2,0,0,0,0,0
1258747,8436021690087,5,4,0,6,5,0,0,0,0,0,0
1258748,8476572531161,2,4,0,3,1,1,0,0,0,0,0
1258749,8432990062402,5,4,0,6,5,0,0,0,0,0,0
1258750,8436068166671,5,4,0,6,5,0,0,0,0,0,0
1258751,8469820796533,4,4,0,5,3,1,0,0,0,0,0
1258752,8230816423986,4,4,0,5,4,0,0,0,0,0,0
1258753,8439818585139,5,4,0,6,5,0,0,0,0,0,0
1258754,8488556706610,5,4,0,6,4,1,0,0,0,0,0
1258755,8196151606621,3,4,0,4,0,3,0,0,0,0,0
1258756,8435900194397,5,4,0,6,5,0,0,0,0,0,0
1258757,8430646161575,5,4,0,6,4,1,0,0,0,0,0
1258758,8482618728097,4,4,0,5,2,2,0,0,0,0,0
1258759,8469690499614,4,4,0,5,3,1,0,0,0,0,0
1258760,8478056981885,4,4,0,5,3,1,0,0,0,0,0
1258761,8382480229722,0,4,0,1,0,0,0,0,0,0,0
1258762,8382464241410,0,4,0,1,0,0,0,0,0,0,0
1258763,8404242701713,1,4,0,2,1,0,0,0,0,0,0
1258764,8405903119977,1,4,0,2,1,0,0,0,0,0,0
1258765,8382416276656,0,4,0,1,0,0,0,0,0,0,0
1258766,8382400288466,0,4,0,1,0,0,0,0,0,0,0
1258767,8404178541047,1,4,0,2,1,0,0,0,0,0,0
1258768,8448162511357,2,4,0,3,1,1,0,0,0,0,0
1258769,8479587796474,2,4,0,3,0,2,0,0,0,0,0
1258770,8479571725258,4,4,0,5,2,2,0,0,0,0,0
1258771,8339222336557,5,4,0,6,3,2,0,0,0,0,0
1258772,8329108741952,5,4,0,6,1,4,0,0,0,0,0
1258773,8435696273480,5,4,0,6,5,0,0,0,0,0,0
1258774,8469449733539,4,4,0,5,4,0,0,0,0,0,0
1258775,8437959831978,5,4,0,6,5,0,0,0,0,0,0
1258776,8469417075460,4,4,0,5,3,1,0,0,0,0,0
1258777,8198760941498,3,4,0,4,2,1,0,0,0,0,0
1258778,8428606105290,5,4,0,6,4,1,0,0,0,0,0
1258779,8472640209734,4,4,0,5,1,3,0,0,0,0,0
1258780,8433971760101,2,4,0,3,2,0,0,0,0,0,0
1258781,8382162067965,0,4,0,1,0,0,0,0,0,0,0
1258782,8469320607310,4,4,0,5,3,1,0,0,0,0,0
1258783,8435775827497,2,4,0,3,2,0,0,0,0,0,0
1258784,8243250405555,3,4,0,4,1,2,0,0,0,0,0
1258785,8185601881255,4,4,0,5,3,1,0,0,0,0,0
1258786,8469257127596,4,4,0,5,2,2,0,0,0,0,0
1258787,8381339028599,5,4,0,6,3,2,0,0,0,0,0
1258788,8475931059903,4,4,0,5,0,4,0,0,0,0,0
1258789,8487298724184,4,4,0,5,1,3,0,0,0,0,0
1258790,8470869061810,4,4,0,5,1,3,0,0,0,0,0
1258791,8497796790617,4,4,0,5,3,1,0,0,0,0,0
1258792,8666219210608,5,4,0,6,4,1,0,0,0,0,0
1258793,8830100271019,5,4,0,6,5,0,0,0,0,0,0
1258794,8428302125916,5,4,0,6,4,1,0,0,0,0,0
1258795,8470788735388,4,4,0,5,3,1,0,0,0,0,0
1258796,8469096274394,4,4,0,5,4,0,0,0,0,0,0
1258797,8830124814248,5,4,0,6,5,0,0,0,0,0,0
1258798,8469063942898,4,4,0,5,3,1,0,0,0,0,0
1258799,8830005256219,5,4,0,6,5,0,0,0,0,0,0
1258800,8076654621947,3,4,0,4,0,3,0,0,0,0,0
1258801,8197964595171,4,4,0,5,3,1,0,0,0,0,0
1258802,8435233741554,5,4,0,6,5,0,0,0,0,0,0
1258803,8313825326042,5,4,0,6,4,1,0,0,0,0,0
1258804,8489071798965,5,4,0,6,2,3,0,0,0,0,0
1258805,8704579509816,5,4,0,6,2,3,0,0,0,0,0
1258806,8162747653171,3,4,0,4,0,3,0,0,0,0,0
1258807,8481968207193,5,4,0,6,3,2,0,0,0,0,0
1258808,8430109766982,3,4,0,4,3,0,0,0,0,0,0
1258809,8487982477242,5,4,0,6,5,0,0,0,0,0,0
1258810,8461858691045,4,4,0,5,2,2,0,0,0,0,0
1258811,8811676511622,5,4,0,6,5,0,0,0,0,0,0
1258812,8881671190001,5,4,0,6,5,0,0,0,0,0,0
1258813,8423680295532,2,4,0,3,1,1,0,0,0,0,0
1258814,8401873520193,1,4,0,2,1,0,0,0,0,0,0
1258815,8470217768905,3,4,0,4,0,3,0,0,0,0,0
1258816,8420519142932,1,4,0,2,1,0,0,0,0,0,0
1258817,8381591256460,0,4,0,1,0,0,0,0,0,0,0
1258818,8401878503314,1,4,0,2,0,1,0,0,0,0,0
1258819,8415418214223,3,4,0,4,1,2,0,0,0,0,0
1258820,8576263876509,5,4,0,6,3,2,0,0,0,0,0
1258821,8381527470448,0,4,0,1,0,0,0,0,0,0,0
1258822,8405328126375,4,4,0,5,2,2,0,0,0,0,0
1258823,8426640207963,3,4,0,4,1,2,0,0,0,0,0
1258824,8381479687089,0,4,0,1,0,0,0,0,0,0,0
1258825,8445241605707,2,4,0,3,1,1,0,0,0,0,0
1258826,8433239519932,2,4,0,3,1,1,0,0,0,0,0
1258827,8381431727969,0,4,0,1,0,0,0,0,0,0,0
1258828,8446790909111,3,4,0,4,1,2,0,0,0,0,0
1258829,8381399755374,0,4,0,1,0,0,0,0,0,0,0
1258830,8409383769123,1,4,0,2,0,1,0,0,0,0,0
1258831,8381367782902,0,4,0,1,0,0,0,0,0,0,0
1258832,8407351796712,1,4,0,2,1,0,0,0,0,0,0
1258833,8468501910781,4,4,0,5,1,3,0,0,0,0,0
1258834,8478543505245,2,4,0,3,1,1,0,0,0,0,0
1258835,8468469606026,4,4,0,5,2,2,0,0,0,0,0
1258836,8448260000855,3,4,0,4,3,0,0,0,0,0,0
1258837,8467487770467,3,4,0,4,0,3,0,0,0,0,0
1258838,8484191209232,4,4,0,5,1,3,0,0,0,0,0
1258839,8105991749671,4,4,0,5,3,1,0,0,0,0,0
1258840,8414195134291,5,4,0,6,4,1,0,0,0,0,0
1258841,8423280989064,5,4,0,6,4,1,0,0,0,0,0
1258842,8395918483459,5,4,0,6,0,5,0,0,0,0,0
1258843,8420795245473,4,4,0,5,1,3,0,0,0,0,0
1258844,8398224185890,5,4,0,6,3,2,0,0,0,0,0
1258845,8395871477797,5,4,0,6,0,5,0,0,0,0,0
1258846,8265209693953,2,4,0,3,1,1,0,0,0,0,0
1258847,8394770962502,5,4,0,6,1,4,0,0,0,0,0
1258848,8396032338935,5,4,0,6,0,5,0,0,0,0,0
1258849,8416535933983,5,4,0,6,2,3,0,0,0,0,0
1258850,8478288825396,4,4,0,5,1,3,0,0,0,0,0
1258851,8476596400522,2,4,0,3,1,1,0,0,0,0,0
1258852,8444616869814,4,4,0,5,1,3,0,0,0,0,0
1258853,8479654057364,3,4,0,4,1,2,0,0,0,0,0
1258854,8357089700257,5,4,0,6,2,3,0,0,0,0,0
1258855,8105929945888,4,4,0,5,1,3,0,0,0,0,0
1258856,8431258340749,1,4,0,2,0,1,0,0,0,0,0
1258857,8480956336652,1,4,0,2,0,1,0,0,0,0,0
1258858,8480940351247,1,4,0,2,0,1,0,0,0,0,0
1258859,8480924365872,1,4,0,2,0,1,0,0,0,0,0
1258860,8480908380527,1,4,0,2,0,1,0,0,0,0,0
1258861,8480892395213,1,4,0,2,0,1,0,0,0,0,0
1258862,8129752436431,5,4,0,6,2,3,0,0,0,0,0
1258863,8153337021203,2,4,0,3,1,1,0,0,0,0,0
1258864,8428421063516,3,4,0,4,1,2,0,0,0,0,0
1258865,8390257610558,5,4,0,6,3,2,0,0,0,0,0
1258866,8454508751451,2,4,0,3,0,2,0,0,0,0,0
1258867,8193950113401,3,4,0,4,2,1,0,0,0,0,0
1258868,8135885464178,2,4,0,3,0,2,0,0,0,0,0
1258869,8340463774073,3,4,0,4,1,2,0,0,0,0,0
1258870,8331468356305,4,4,0,5,2,2,0,0,0,0,0
1258871,8489275985426,5,4,0,6,5,0,0,0,0,0,0
1258872,8457709516327,4,4,0,5,1,3,0,0,0,0,0
1258873,8586417067796,5,4,0,6,4,1,0,0,0,0,0
1258874,8483154539809,4,4,0,5,2,2,0,0,0,0,0
1258875,8471184043305,4,4,0,5,2,2,0,0,0,0,0
1258876,8467393325051,4,4,0,5,4,0,0,0,0,0,0
1258877,8467799293437,4,4,0,5,4,0,0,0,0,0,0
1258878,8344788533924,2,4,0,3,1,1,0,0,0,0,0
1258879,8345647482135,2,4,0,3,1,1,0,0,0,0,0
1258880,8131701474567,2,4,0,3,0,2,0,0,0,0,0
1258881,8454213740931,3,4,0,4,0,3,0,0,0,0,0
1258882,8500224628400,5,4,0,6,4,1,0,0,0,0,0
1258883,8486497946152,3,4,0,4,2,1,0,0,0,0,0
1258884,8406199709502,2,4,0,3,1,1,0,0,0,0,0
1258885,8486983074105,5,4,0,6,4,1,0,0,0,0,0
1258886,8406168292304,2,4,0,3,1,1,0,0,0,0,0
1258887,8339420726928,5,4,0,6,2,3,0,0,0,0,0
1258888,8487693710710,5,4,0,6,5,0,0,0,0,0,0
1258889,8485109892782,5,4,0,6,4,1,0,0,0,0,0
1258890,8474286991698,4,4,0,5,2,2,0,0,0,0,0
1258891,8467688115596,5,4,0,6,4,1,0,0,0,0,0
1258892,8440286513754,5,4,0,6,1,4,0,0,0,0,0
1258893,8480386893091,1,4,0,2,0,1,0,0,0,0,0
1258894,8480370908772,1,4,0,2,0,1,0,0,0,0,0
1258895,8480354924483,1,4,0,2,0,1,0,0,0,0,0
1258896,8480338940224,1,4,0,2,0,1,0,0,0,0,0
1258897,8487569353476,5,4,0,6,3,2,0,0,0,0,0
1258898,8467462332763,2,4,0,3,0,2,0,0,0,0,0
1258899,8210739882540,2,4,0,3,0,2,0,0,0,0,0
1258900,8157255837208,2,4,0,3,0,2,0,0,0,0,0
1258901,8487422876178,3,4,0,4,1,2,0,0,0,0,0
1258902,8480244283943,1,4,0,2,0,1,0,0,0,0,0
1258903,8487027165265,3,4,0,4,0,3,0,0,0,0,0
1258904,8493665488059,3,4,0,4,1,2,0,0,0,0,0
1258905,8417013015441,2,4,0,3,0,2,0,0,0,0,0
1258906,8251629508657,4,4,0,5,2,2,0,0,0,0,0
1258907,8487030785205,3,4,0,4,0,3,0,0,0,0,0
1258908,8466651509711,3,4,0,4,0,3,0,0,0,0,0
1258909,8205034438438,2,4,0,3,0,2,0,0,0,0,0
1258910,8485354342444,3,4,0,4,1,2,0,0,0,0,0
1258911,8480101666136,1,4,0,2,0,1,0,0,0,0,0
1258912,8490135115850,4,4,0,5,3,1,0,0,0,0,0
1258913,8480069698616,1,4,0,2,0,1,0,0,0,0,0
1258914,8377028108646,1,4,0,2,0,1,0,0,0,0,0
1258915,8165497572220,2,4,0,3,1,1,0,0,0,0,0
1258916,8367394868353,1,4,0,2,0,1,0,0,0,0,0
1258917,8475561698551,2,4,0,3,0,2,0,0,0,0,0
1258918,8368999765333,4,4,0,5,0,4,0,0,0,0,0
1258919,8499708352760,5,4,0,6,2,3,0,0,0,0,0
1258920,8480170279488,5,4,0,6,4,1,0,0,0,0,0
1258921,8465368687527,4,4,0,5,3,1,0,0,0,0,0
1258922,8385849348119,3,4,0,4,0,3,0,0,0,0,0
1258923,8477520606508,2,4,0,3,0,2,0,0,0,0,0
1258924,8460461753735,4,4,0,5,3,1,0,0,0,0,0
1258925,8482238685847,3,4,0,4,0,3,0,0,0,0,0
1258926,8421194928032,2,4,0,3,1,1,0,0,0,0,0
1258927,8460341532202,4,4,0,5,0,4,0,0,0,0,0
1258928,8158236857975,4,4,0,5,1,3,0,0,0,0,0
1258929,8479878383554,5,4,0,6,4,1,0,0,0,0,0
1258930,8395600378244,5,4,0,6,0,5,0,0,0,0,0
1258931,8393081039021,4,4,0,5,1,3,0,0,0,0,0
1258932,8399023714671,2,4,0,3,0,2,0,0,0,0,0
1258933,8357792188480,1,4,0,2,0,1,0,0,0,0,0
1258934,8475294510262,2,4,0,3,0,2,0,0,0,0,0
1258935,8474704438033,5,4,0,6,0,5,0,0,0,0,0
1258936,8479878236036,5,4,0,6,5,0,0,0,0,0,0
1258937,8869757135463,5,4,0,6,2,3,0,0,0,0,0
1258938,8480740330121,5,4,0,6,1,4,0,0,0,0,0
1258939,8477445085387,2,4,0,3,1,1,0,0,0,0,0
1258940,8461740245670,4,4,0,5,1,3,0,0,0,0,0
1258941,7818502006377,3,4,0,4,2,1,0,0,0,0,0
1258942,8428936930407,2,4,0,3,1,1,0,0,0,0,0
1258943,8441102911197,1,4,0,2,1,0,0,0,0,0,0
1258944,8479578977064,1,4,0,2,0,1,0,0,0,0,0
1258945,8479562994285,1,4,0,2,0,1,0,0,0,0,0
1258946,8439826077579,3,4,0,4,3,0,0,0,0,0,0
1258947,8472362051840,1,4,0,2,0,1,0,0,0,0,0
1258948,8475024491894,1,4,0,2,0,1,0,0,0,0,0
1258949,8425914587583,2,4,0,3,0,2,0,0,0,0,0
1258950,8419668830935,2,4,0,3,1,1,0,0,0,0,0
1258951,8173185564863,6,4,0,7,5,1,0,0,0,0,0
1258952,8434871461595,5,4,0,6,3,2,0,0,0,0,0
1258953,8418760165489,3,4,0,4,1,2,0,0,0,0,0
1258954,8547591950490,4,4,0,5,3,1,0,0,0,0,0
1258955,8479404042013,1,4,0,2,0,1,0,0,0,0,0
1258956,8189027926760,2,4,0,3,0,2,0,0,0,0,0
1258957,8469711710268,4,4,0,5,1,3,0,0,0,0,0
1258958,7812035022580,2,4,0,3,0,2,0,0,0,0,0
1258959,8469014400330,3,4,0,4,0,3,0,0,0,0,0
1258960,8507397021441,3,4,0,4,1,2,0,0,0,0,0
1258961,8479310224498,1,4,0,2,0,1,0,0,0,0,0
1258962,8425305835746,2,4,0,3,1,1,0,0,0,0,0
1258963,8479278412562,1,4,0,2,0,1,0,0,0,0,0
1258964,8479654114841,5,4,0,6,2,3,0,0,0,0,0
1258965,8478363497790,3,4,0,4,0,3,0,0,0,0,0
1258966,8423472759947,2,4,0,3,1,1,0,0,0,0,0
1258967,8479214629003,1,4,0,2,0,1,0,0,0,0,0
1258968,8479198646919,1,4,0,2,0,1,0,0,0,0,0
1258969,8479182664866,1,4,0,2,0,1,0,0,0,0,0
1258970,8479166682843,1,4,0,2,0,1,0,0,0,0,0
1258971,8477562311364,3,4,0,4,1,2,0,0,0,0,0
1258972,8469082174061,4,4,0,5,2,2,0,0,0,0,0
1258973,8406263307559,4,4,0,5,1,3,0,0,0,0,0
1258974,8419102923214,2,4,0,3,1,1,0,0,0,0,0
1258975,8479086941343,1,4,0,2,0,1,0,0,0,0,0
1258976,8408261897885,2,4,0,3,0,2,0,0,0,0,0
1258977,8459675474347,4,4,0,5,2,2,0,0,0,0,0
1258978,8399249333681,1,4,0,2,0,1,0,0,0,0,0
1258979,8422911646455,2,4,0,3,1,1,0,0,0,0,0
1258980,8479004976046,3,4,0,4,0,3,0,0,0,0,0
1258981,8480794871101,4,4,0,5,2,2,0,0,0,0,0
1258982,8236194277526,6,4,0,7,4,2,0,0,0,0,0
1258983,8478960080307,1,4,0,2,0,1,0,0,0,0,0
1258984,8478944098709,1,4,0,2,0,1,0,0,0,0,0
1258985,8478928117142,1,4,0,2,0,1,0,0,0,0,0
1258986,8478912135604,1,4,0,2,0,1,0,0,0,0,0
1258987,8478896154098,1,4,0,2,0,1,0,0,0,0,0
1258988,8478880172622,1,4,0,2,0,1,0,0,0,0,0
1258989,8478864191176,1,4,0,2,0,1,0,0,0,0,0
1258990,8388848209761,1,4,0,2,0,1,0,0,0,0,0
1258991,8478832228376,1,4,0,2,0,1,0,0,0,0,0
1258992,8478816247022,1,4,0,2,0,1,0,0,0,0,0
1258993,8378800000000,0,4,1,0,0,0,0,0,0,0,0
1258994,8389988356271,2,4,0,3,0,2,0,0,0,0,0
1258995,8126382929584,2,4,0,3,0,2,0,0,0,0,0
1258996,8451942795768,3,4,0,4,2,1,0,0,0,0,0
1258997,8483519326450,2,4,0,3,0,2,0,0,0,0,0
1258998,8401178820821,3,4,0,4,1,2,0,0,0,0,0
1258999,8483554256351,2,4,0,3,1,1,0,0,0,0,0
1259000,8504681729927,5,4,0,6,4,1,0,0,0,0,0
1259001,8398087051466,2,4,0,3,1,1,0,0,0,0,0
1259002,8409614817164,2,4,0,3,1,1,0,0,0,0,0
1259003,8407563516481,2,4,0,3,1,1,0,0,0,0,0
1259004,8412406447690,2,4,0,3,1,1,0,0,0,0,0
1259005,8478610371004,1,4,0,2,0,1,0,0,0,0,0
1259006,8462364384121,4,4,0,5,3,1,0,0,0,0,0
1259007,8394859933037,2,4,0,3,0,2,0,0,0,0,0
1259008,8403426291712,2,4,0,3,1,1,0,0,0,0,0
1259009,8491274308571,5,4,0,6,4,1,0,0,0,0,0
1259010,8398485778030,2,4,0,3,0,2,0,0,0,0,0
1259011,8406055652867,2,4,0,3,0,2,0,0,0,0,0
1259012,8415354645644,2,4,0,3,1,1,0,0,0,0,0
1259013,8455392977223,4,4,0,5,0,4,0,0,0,0,0
1259014,8418194531818,2,4,0,3,1,1,0,0,0,0,0
1259015,8482946800170,1,4,0,2,0,1,0,0,0,0,0
1259016,8437171963830,3,4,0,4,3,0,0,0,0,0,0
1259017,8429361884508,2,4,0,3,1,1,0,0,0,0,0
1259018,8449284626796,1,4,0,2,0,1,0,0,0,0,0
1259019,8478387821651,1,4,0,2,0,1,0,0,0,0,0
1259020,8478371841145,1,4,0,2,0,1,0,0,0,0,0
1259021,8396258513267,2,4,0,3,0,2,0,0,0,0,0
1259022,8431961555502,1,4,0,2,1,0,0,0,0,0,0
1259023,8478324097583,1,4,0,2,0,1,0,0,0,0,0
1259024,8400093543923,2,4,0,3,1,1,0,0,0,0,0
1259025,8478292327575,1,4,0,2,0,1,0,0,0,0,0
1259026,8390222431216,2,4,0,3,0,2,0,0,0,0,0
1259027,8407217557134,2,4,0,3,0,2,0,0,0,0,0
1259028,8478244788296,1,4,0,2,0,1,0,0,0,0,0
1259029,8416969406429,2,4,0,3,1,1,0,0,0,0,0
1259030,8443563303616,3,4,0,4,3,0,0,0,0,0,0
1259031,8380952842656,2,4,0,3,0,2,0,0,0,0,0
1259032,8396973728745,2,4,0,3,0,2,0,0,0,0,0
1259033,8478165480528,1,4,0,2,0,1,0,0,0,0,0
1259034,8478149500445,1,4,0,2,0,1,0,0,0,0,0
1259035,8478133520393,1,4,0,2,0,1,0,0,0,0,0
1259036,8478117540372,1,4,0,2,0,1,0,0,0,0,0
1259037,8478101560381,1,4,0,2,0,1,0,0,0,0,0
1259038,8468569077268,4,4,0,5,1,3,0,0,0,0,0
1259039,8473526073406,3,4,1,3,1,1,0,0,0,0,0
1259040,8478053620590,1,4,0,2,0,1,0,0,0,0,0
1259041,8445062111229,3,4,0,4,1,2,0,0,0,0,0
1259042,8478021660883,1,4,0,2,0,1,0,0,0,0,0
1259043,8478005681074,1,4,0,2,0,1,0,0,0,0,0
1259044,8413556978022,5,4,0,6,3,2,0,0,0,0,0
1259045,8475158541968,2,4,0,3,0,2,0,0,0,0,0
1259046,8477957881731,1,4,0,2,0,1,0,0,0,0,0
1259047,8477941902044,1,4,0,2,0,1,0,0,0,0,0
1259048,8477925922388,1,4,0,2,0,1,0,0,0,0,0
1259049,8499692550155,2,4,0,3,1,1,0,0,0,0,0
1259050,8451459094856,3,4,0,4,2,1,0,0,0,0,0
1259051,8190071104044,2,4,0,3,1,1,0,0,0,0,0
1259052,8167484229637,2,4,0,3,0,2,0,0,0,0,0
1259053,8477847264279,1,4,0,2,0,1,0,0,0,0,0
1259054,8477831284804,1,4,0,2,0,1,0,0,0,0,0
1259055,8433108991807,1,4,0,2,0,1,0,0,0,0,0
1259056,8477799325944,1,4,0,2,0,1,0,0,0,0,0
1259057,8399565624805,1,4,0,2,1,0,0,0,0,0,0
1259058,8159547950876,2,4,0,3,0,2,0,0,0,0,0
1259059,8477752039581,1,4,0,2,0,1,0,0,0,0,0
1259060,8157145090698,2,4,0,3,1,1,0,0,0,0,0
1259061,8449385270774,5,4,0,6,5,0,0,0,0,0,0
1259062,8436661905007,2,4,0,3,0,2,0,0,0,0,0
1259063,8477688978128,1,4,0,2,0,1,0,0,0,0,0
1259064,8443018972960,3,4,0,4,2,1,0,0,0,0,0
1259065,8191759307961,2,4,0,3,1,1,0,0,0,0,0
1259066,8474822464600,4,4,0,5,1,3,0,0,0,0,0
1259067,8464753298671,4,4,0,5,2,2,0,0,0,0,0
1259068,8478141698683,3,4,0,4,1,2,0,0,0,0,0
1259069,8477593706067,1,4,0,2,0,1,0,0,0,0,0
1259070,8183410520237,2,4,0,3,1,1,0,0,0,0,0
1259071,8442907456994,3,4,0,4,1,2,0,0,0,0,0
1259072,8441215962517,1,4,0,2,1,0,0,0,0,0,0
1259073,8477530392905,1,4,0,2,0,1,0,0,0,0,0
1259074,8377514414034,0,4,0,1,0,0,0,0,0,0,0
1259075,8402071752186,3,4,0,4,0,3,0,0,0,0,0
1259076,8440544924622,3,4,0,4,2,1,0,0,0,0,0
1259077,8438761893184,2,4,0,3,0,2,0,0,0,0,0
1259078,8464576900458,2,4,0,3,0,2,0,0,0,0,0
1259079,7827971948319,2,4,0,3,0,2,0,0,0,0,0
1259080,8149963182564,4,4,0,5,0,4,0,0,0,0,0
1259081,7827864993138,2,4,0,3,0,2,0,0,0,0,0
1259082,8400033630531,5,4,0,6,3,2,0,0,0,0,0
1259083,8428023869430,3,4,0,4,1,2,0,0,0,0,0
1259084,8464483190705,4,4,0,5,0,4,0,0,0,0,0
1259085,8464467286925,4,4,0,5,1,3,0,0,0,0,0
1259086,8419918374585,5,4,0,6,3,2,0,0,0,0,0
1259087,8377310837445,0,4,0,1,0,0,0,0,0,0,0
1259088,8399075949531,1,4,0,2,0,1,0,0,0,0,0
1259089,8462727367992,3,4,0,4,2,1,0,0,0,0,0
1259090,8399043827267,1,4,0,2,1,0,0,0,0,0,0
1259091,8401611255655,5,4,0,6,1,4,0,0,0,0,0
1259092,8399011956774,1,4,0,2,0,1,0,0,0,0,0
1259093,8420776738254,2,4,0,3,0,2,0,0,0,0,0
1259094,8398979917563,1,4,0,2,0,1,0,0,0,0,0
1259095,8377183179973,0,4,0,1,0,0,0,0,0,0,0
1259096,8377167201764,0,4,0,1,0,0,0,0,0,0,0
1259097,8377151223586,0,4,0,1,0,0,0,0,0,0,0
1259098,8440801594710,1,4,0,2,0,1,0,0,0,0,0
1259099,8472618650648,4,4,0,5,2,2,0,0,0,0,0
1259100,8426559267919,2,4,0,3,1,1,0,0,0,0,0
1259101,8387087311177,1,4,0,2,0,1,0,0,0,0,0
1259102,8398851760157,1,4,0,2,1,0,0,0,0,0,0
1259103,8398835740613,1,4,0,2,1,0,0,0,0,0,0
1259104,8450600065036,3,4,0,4,2,1,0,0,0,0,0
1259105,8377023399255,0,4,0,1,0,0,0,0,0,0,0
1259106,8464128464659,4,4,0,5,0,4,0,0,0,0,0
1259107,8376991443478,0,4,0,1,0,0,0,0,0,0,0
1259108,8036497294586,4,4,0,5,0,4,0,0,0,0,0
1259109,8402960373704,1,4,0,2,1,0,0,0,0,0,0
1259110,8424724492883,2,4,0,3,1,1,0,0,0,0,0
1259111,8376928418167,0,4,0,1,0,0,0,0,0,0,0
1259112,8376912440444,0,4,0,1,0,0,0,0,0,0,0
1259113,8425482554904,2,4,0,3,0,2,0,0,0,0,0
1259114,8430335795178,2,4,0,3,0,2,0,0,0,0,0
1259115,8376864507458,0,4,0,1,0,0,0,0,0,0,0
1259116,8398628377570,1,4,0,2,0,1,0,0,0,0,0
1259117,8430444382846,1,4,0,2,1,0,0,0,0,0,0
1259118,8408596339376,2,4,0,3,1,1,0,0,0,0,0
1259119,8472296488307,1,4,0,2,0,1,0,0,0,0,0
1259120,8463903470551,4,4,0,5,4,0,0,0,0,0,0
1259121,8389097284533,5,4,0,6,1,4,0,0,0,0,0
1259122,8254046674472,2,4,0,3,2,0,0,0,0,0,0
1259123,8479971883273,4,4,0,5,1,3,0,0,0,0,0
1259124,8442059906433,3,4,0,4,0,3,0,0,0,0,0
1259125,8376705377931,0,4,0,1,0,0,0,0,0,0,0
1259126,8376689400633,0,4,0,1,0,0,0,0,0,0,0
1259127,8454128198416,3,4,0,4,3,0,0,0,0,0,0
1259128,8376657446130,0,4,0,1,0,0,0,0,0,0,0
1259129,8376641468924,0,4,0,1,0,0,0,0,0,0,0
1259130,8406625491748,1,4,0,2,0,1,0,0,0,0,0
1259131,8376609514603,0,4,0,1,0,0,0,0,0,0,0
1259132,8400048044116,1,4,0,2,0,1,0,0,0,0,0
1259133,8451966902219,2,4,0,3,1,1,0,0,0,0,0
1259134,8376561583350,0,4,0,1,0,0,0,0,0,0,0
1259135,8376545606327,0,4,0,1,0,0,0,0,0,0,0
1259136,8376529629334,0,4,0,1,0,0,0,0,0,0,0
1259137,8398292629397,1,4,0,2,1,0,0,0,0,0,0
1259138,8376497675440,0,4,0,1,0,0,0,0,0,0,0
1259139,8376481698538,0,4,0,1,0,0,0,0,0,0,0
1259140,8463581131295,2,4,0,3,0,2,0,0,0,0,0
1259141,8471941594615,2,4,0,3,1,1,0,0,0,0,0
1259142,8419991306665,2,4,0,3,0,2,0,0,0,0,0
1259143,8376417791238,0,4,0,1,0,0,0,0,0,0,0
1259144,8406556918533,1,4,0,2,0,1,0,0,0,0,0
1259145,8376385837770,0,4,0,1,0,0,0,0,0,0,0
1259146,8313121328733,4,4,0,5,3,1,0,0,0,0,0
1259147,8461793236451,3,4,0,4,2,1,0,0,0,0,0
1259148,8463452576202,4,4,0,5,3,1,0,0,0,0,0
1259149,8463436186867,4,4,0,5,3,1,0,0,0,0,0
1259150,8463420581502,4,4,0,5,4,0,0,0,0,0,0
1259151,8452068919187,3,4,0,4,2,1,0,0,0,0,0
1259152,8451609403967,4,4,0,5,3,1,0,0,0,0,0
1259153,8476619246411,4,4,0,5,0,4,0,0,0,0,0
1259154,8432901722104,2,4,0,3,0,2,0,0,0,0,0
1259155,8376226509800,0,4,0,1,0,0,0,0,0,0,0
1259156,8376210533416,0,4,0,1,0,0,0,0,0,0,0
1259157,8397972704440,1,4,0,2,1,0,0,0,0,0,0
1259158,8376178580739,0,4,0,1,0,0,0,0,0,0,0
1259159,8397940668754,1,4,0,2,0,1,0,0,0,0,0
1259160,8376146628184,0,4,0,1,0,0,0,0,0,0,0
1259161,8376130651952,0,4,0,1,0,0,0,0,0,0,0
1259162,8445670555131,3,4,0,4,2,1,0,0,0,0,0
1259163,8139821429833,3,4,0,4,0,3,0,0,0,0,0
1259164,7853228644763,3,4,0,4,0,3,0,0,0,0,0
1259165,8459829615335,3,4,0,4,0,3,0,0,0,0,0
1259166,8333046042379,4,4,0,5,0,4,0,0,0,0,0
1259167,8283673002768,3,4,0,4,1,2,0,0,0,0,0
1259168,8418739434027,4,4,0,5,0,4,0,0,0,0,0
1259169,8475520661856,2,4,0,3,0,2,0,0,0,0,0
1259170,8238446714452,3,4,0,4,3,0,0,0,0,0,0
1259171,8463084432908,4,4,0,5,3,1,0,0,0,0,0
1259172,8350372307412,5,4,0,6,3,2,0,0,0,0,0
1259173,8471428572119,2,4,0,3,0,2,0,0,0,0,0
1259174,8471412596277,2,4,0,3,0,2,0,0,0,0,0
1259175,8471396660739,2,4,0,3,1,1,0,0,0,0,0
1259176,8451278306747,1,4,0,2,0,1,0,0,0,0,0
1259177,8473039449814,3,4,0,4,0,3,0,0,0,0,0
1259178,8471348444704,2,4,0,3,0,2,0,0,0,0,0
1259179,8208405783374,3,4,0,4,2,1,0,0,0,0,0
1259180,8471316953314,2,4,0,3,0,2,0,0,0,0,0
1259181,8471300937553,2,4,0,3,0,2,0,0,0,0,0
1259182,8471284120849,2,4,0,3,1,1,0,0,0,0,0
1259183,8471268903314,2,4,0,3,1,1,0,0,0,0,0
1259184,8420996506908,2,4,0,3,1,1,0,0,0,0,0
1259185,8375751301850,0,4,0,1,0,0,0,0,0,0,0
1259186,8375735326372,0,4,0,1,0,0,0,0,0,0,0
1259187,8375719350925,0,4,0,1,0,0,0,0,0,0,0
1259188,8375703375508,0,4,0,1,0,0,0,0,0,0,0
1259189,8375687400121,0,4,0,1,0,0,0,0,0,0,0
1259190,8467001786485,4,4,0,5,3,1,0,0,0,0,0
1259191,8451036492220,1,4,0,2,0,1,0,0,0,0,0
1259192,8449345382641,1,4,0,2,0,1,0,0,0,0,0
1259193,8451004541661,1,4,0,2,0,1,0,0,0,0,0
1259194,8449313432142,1,4,0,2,0,1,0,0,0,0,0
1259195,8298402094447,2,4,0,3,0,2,0,0,0,0,0
1259196,8140453483478,4,4,0,5,2,2,0,0,0,0,0
1259197,8438495147179,2,4,0,3,1,1,0,0,0,0,0
1259198,8472702280242,2,4,0,3,0,2,0,0,0,0,0
1259199,8472686217854,2,4,0,3,0,2,0,0,0,0,0
1259200,8235523727735,2,4,0,3,1,1,0,0,0,0,0
1259201,8462602654606,4,4,0,5,1,3,0,0,0,0,0
1259202,8470963547968,2,4,0,3,1,1,0,0,0,0,0
1259203,8470947531470,2,4,0,3,0,2,0,0,0,0,0
1259204,8214821975774,3,4,0,4,2,1,0,0,0,0,0
1259205,8396263149410,5,4,0,6,1,4,0,0,0,0,0
1259206,8470900221664,2,4,0,3,1,1,0,0,0,0,0
1259207,8470884371426,2,4,0,3,1,1,0,0,0,0,0
1259208,8449092103583,1,4,0,2,0,1,0,0,0,0,0
1259209,8470852132908,2,4,0,3,0,2,0,0,0,0,0
1259210,8302251524825,4,4,0,5,4,0,0,0,0,0,0
1259211,8162544516477,2,4,0,3,0,2,0,0,0,0,0
1259212,8470805315405,2,4,0,3,1,1,0,0,0,0,0
1259213,8472464353399,2,4,0,3,0,2,0,0,0,0,0
1259214,8448997403540,1,4,0,2,0,1,0,0,0,0,0
1259215,8448981428939,1,4,0,2,0,1,0,0,0,0,0
1259216,8472416225825,2,4,0,3,0,2,0,0,0,0,0
1259217,8434642817064,3,4,0,4,2,1,0,0,0,0,0
1259218,8475090914801,2,4,0,3,1,1,0,0,0,0,0
1259219,8429546606291,5,4,0,6,5,0,0,0,0,0,0
1259220,8470673257826,2,4,0,3,1,1,0,0,0,0,0
1259221,8455431357127,3,4,0,4,1,2,0,0,0,0,0
1259222,8375163895526,0,4,0,1,0,0,0,0,0,0,0
1259223,8401426433728,5,4,0,6,3,2,0,0,0,0,0
1259224,8375132116258,0,4,0,1,0,0,0,0,0,0,0
1259225,8375116141961,0,4,0,1,0,0,0,0,0,0,0
1259226,8375100167695,0,4,0,1,0,0,0,0,0,0,0
1259227,8375084193459,0,4,0,1,0,0,0,0,0,0,0
1259228,7796621519016,3,4,0,4,1,2,0,0,0,0,0
1259229,8396828771740,1,4,0,2,1,0,0,0,0,0,0
1259230,8475037620234,1,4,0,2,0,1,0,0,0,0,0
1259231,8466346939554,4,4,0,5,4,0,0,0,0,0,0
1259232,8438655957943,1,4,0,2,1,0,0,0,0,0,0
1259233,8396764712718,1,4,0,2,0,1,0,0,0,0,0
1259234,8374973723951,0,4,0,1,0,0,0,0,0,0,0
1259235,8396732681628,1,4,0,2,0,1,0,0,0,0,0
1259236,8374941775992,0,4,0,1,0,0,0,0,0,0,0
1259237,8374925802058,0,4,0,1,0,0,0,0,0,0,0
1259238,8474909828155,1,4,0,2,1,0,0,0,0,0,0
1259239,8496668619827,2,4,0,3,1,1,0,0,0,0,0
1259240,8428191702206,5,4,0,6,5,0,0,0,0,0,0
1259241,8441035017384,5,4,0,6,5,0,0,0,0,0,0
1259242,8374846144011,0,4,0,1,0,0,0,0,0,0,0
1259243,8440153970151,3,4,0,4,1,2,0,0,0,0,0
1259244,8453537702344,2,4,0,3,0,2,0,0,0,0,0
1259245,8460221327637,2,4,0,3,1,1,0,0,0,0,0
1259246,8374782249188,0,4,0,1,0,0,0,0,0,0,0
1259247,8470238793151,2,4,0,3,0,2,0,0,0,0,0
1259248,8471897776001,2,4,0,3,0,2,0,0,0,0,0
1259249,8432685143257,3,4,0,4,2,1,0,0,0,0,0
1259250,8468041542658,4,4,0,5,0,4,0,0,0,0,0
1259251,8466350820337,2,4,0,3,0,2,0,0,0,0,0
1259252,7825166038916,2,4,0,3,0,2,0,0,0,0,0
1259253,7825231657206,2,4,0,3,0,2,0,0,0,0,0
1259254,7825297756013,2,4,0,3,0,2,0,0,0,0,0
1259255,7825284259580,2,4,0,3,0,2,0,0,0,0,0
1259256,8374600000000,0,4,1,0,0,0,0,0,0,0,0
1259257,8425474539153,3,4,0,4,1,2,0,0,0,0,0
1259258,8352886608757,5,4,0,6,3,2,0,0,0,0,0
1259259,7825306405887,2,4,0,3,0,2,0,0,0,0,0
1259260,8451562352008,4,4,0,5,1,3,0,0,0,0,0
1259261,7825357568416,2,4,0,3,0,2,0,0,0,0,0
1259262,7833664121371,5,4,0,6,3,2,0,0,0,0,0
1259263,8459940564686,3,4,0,4,3,0,0,0,0,0,0
1259264,8466624543436,3,4,0,4,0,3,0,0,0,0,0
1259265,8400488244746,1,4,0,2,1,0,0,0,0,0,0
1259266,8418019610525,2,4,0,3,2,0,0,0,0,0,0
1259267,8436699349517,5,4,0,6,2,3,0,0,0,0,0
1259268,8196745491958,3,4,0,4,1,2,0,0,0,0,0
1259269,8400804709804,5,4,0,6,4,1,0,0,0,0,0
1259270,8476468093626,3,4,0,4,0,3,0,0,0,0,0
1259271,8338237422339,4,4,0,5,2,2,0,0,0,0,0
1259272,8466496438547,2,4,0,3,0,2,0,0,0,0,0
1259273,8394361746860,2,4,0,3,1,1,0,0,0,0,0
1259274,8420674241568,5,4,0,6,4,1,0,0,0,0,0
1259275,8442999555832,3,4,0,4,0,3,0,0,0,0,0
1259276,8474313947751,1,4,0,2,1,0,0,0,0,0,0
1259277,8374297975015,0,4,0,1,0,0,0,0,0,0,0
1259278,8374282002309,0,4,0,1,0,0,0,0,0,0,0
1259279,8474266029634,1,4,0,2,1,0,0,0,0,0,0
1259280,8374250056989,0,4,0,1,0,0,0,0,0,0,0
1259281,8374234084375,0,4,0,1,0,0,0,0,0,0,0
1259282,8384218111791,1,4,0,2,0,1,0,0,0,0,0
1259283,8374202139237,0,4,0,1,0,0,0,0,0,0,0
1259284,8439504943367,3,4,0,4,1,2,0,0,0,0,0
1259285,8471310753736,2,4,0,3,0,2,0,0,0,0,0
1259286,8173387242893,3,4,0,4,0,3,0,0,0,0,0
1259287,8430141427602,5,4,0,6,5,0,0,0,0,0,0
1259288,8439441398472,3,4,0,4,3,0,0,0,0,0,0
1259289,8374107023184,0,4,0,1,0,0,0,0,0,0,0
1259290,8374091050842,0,4,0,1,0,0,0,0,0,0,0
1259291,8477620351991,4,4,0,5,3,1,0,0,0,0,0
1259292,8374059106250,0,4,0,1,0,0,0,0,0,0,0
1259293,8374043134000,0,4,0,1,0,0,0,0,0,0,0
1259294,8374027161780,0,4,0,1,0,0,0,0,0,0,0
1259295,8475539856899,4,4,0,5,3,1,0,0,0,0,0
1259296,8373995217432,0,4,0,1,0,0,0,0,0,0,0
1259297,8437621608938,1,4,0,2,0,1,0,0,0,0,0
1259298,8373963273206,0,4,0,1,0,0,0,0,0,0,0
1259299,8373947301139,0,4,0,1,0,0,0,0,0,0,0
1259300,8417475855062,2,4,0,3,1,1,0,0,0,0,0
1259301,8395687620075,1,4,0,2,0,1,0,0,0,0,0
1259302,8417443744965,2,4,0,3,2,0,0,0,0,0,0
1259303,8447573727762,1,4,0,2,1,0,0,0,0,0,0
1259304,8395639538125,1,4,0,2,1,0,0,0,0,0,0
1259305,8373851469374,0,4,0,1,0,0,0,0,0,0,0
1259306,8373835497520,0,4,0,1,0,0,0,0,0,0,0
1259307,8073846913190,2,4,0,3,0,2,0,0,0,0,0
1259308,8403804359244,1,4,0,2,0,1,0,0,0,0,0
1259309,8469249757127,2,4,0,3,1,1,0,0,0,0,0
1259310,8523544307069,3,4,0,4,1,2,0,0,0,0,0
1259311,8373756444042,0,4,0,1,0,0,0,0,0,0,0
1259312,8395512239114,1,4,0,2,1,0,0,0,0,0,0
1259313,8525641691641,3,4,0,4,2,1,0,0,0,0,0
1259314,8417251896515,2,4,0,3,1,1,0,0,0,0,0
1259315,8373692557534,0,4,0,1,0,0,0,0,0,0,0
1259316,8459088250044,2,4,0,3,1,1,0,0,0,0,0
1259317,8459072278523,2,4,0,3,1,1,0,0,0,0,0
1259318,8486855898078,5,4,0,6,2,3,0,0,0,0,0
1259319,8459040523998,2,4,0,3,2,0,0,0,0,0,0
1259320,8438927482800,3,4,0,4,3,0,0,0,0,0,0
1259321,8373596917108,0,4,0,1,0,0,0,0,0,0,0
1259322,8373580945739,0,4,0,1,0,0,0,0,0,0,0
1259323,8458975500040,2,4,0,3,2,0,0,0,0,0,0
1259324,8464862892930,4,4,0,5,4,0,0,0,0,0,0
1259325,8395304259216,1,4,0,2,0,1,0,0,0,0,0
1259326,8395624676347,5,4,0,6,1,4,0,0,0,0,0
1259327,8468959531355,2,4,0,3,1,1,0,0,0,0,0
1259328,8425256386876,4,4,0,5,1,3,0,0,0,0,0
1259329,8458879025221,2,4,0,3,2,0,0,0,0,0,0
1259330,8408334872441,5,4,0,6,2,3,0,0,0,0,0
1259331,8220489168953,4,4,0,5,4,0,0,0,0,0,0
1259332,8443295947057,2,4,0,3,2,0,0,0,0,0,0
1259333,8423622766732,5,4,0,6,5,0,0,0,0,0,0
1259334,8373390467236,0,4,0,1,0,0,0,0,0,0,0
1259335,8373374496262,0,4,0,1,0,0,0,0,0,0,0
1259336,8373358525317,0,4,0,1,0,0,0,0,0,0,0
1259337,8354776041064,3,4,0,4,0,3,0,0,0,0,0
1259338,8472132316569,4,4,0,5,2,2,0,0,0,0,0
1259339,8412941683231,5,4,0,6,4,1,0,0,0,0,0
1259340,8448740427168,3,4,0,4,2,1,0,0,0,0,0
1259341,8478638707685,3,4,0,4,3,0,0,0,0,0,0
1259342,8373263081743,0,4,0,1,0,0,0,0,0,0,0
1259343,8426835994723,1,4,0,2,0,1,0,0,0,0,0
1259344,8446915714878,1,4,0,2,0,1,0,0,0,0,0
1259345,8438526372531,3,4,0,4,2,1,0,0,0,0,0
1259346,8149926372475,4,4,0,5,2,2,0,0,0,0,0
1259347,8394954210819,1,4,0,2,1,0,0,0,0,0,0
1259348,8494938200446,2,4,0,3,0,2,0,0,0,0,0
1259349,8473151951781,1,4,0,2,1,0,0,0,0,0,0
1259350,8373135981261,0,4,0,1,0,0,0,0,0,0,0
1259351,8456708081044,2,4,0,3,1,1,0,0,0,0,0
1259352,8470089000393,4,4,0,5,2,2,0,0,0,0,0
1259353,8373088069884,0,4,0,1,0,0,0,0,0,0,0
1259354,8416612157424,2,4,0,3,2,0,0,0,0,0,0
1259355,8373056129119,0,4,0,1,0,0,0,0,0,0,0
1259356,8373040158781,0,4,0,1,0,0,0,0,0,0,0
1259357,8403024188475,1,4,0,2,0,1,0,0,0,0,0
1259358,8179743326578,1,4,0,2,0,1,0,0,0,0,0
1259359,7995418136997,3,4,0,4,0,3,0,0,0,0,0
1259360,8180476521965,4,4,0,5,2,2,0,0,0,0,0
1259361,8394732263445,1,4,0,2,1,0,0,0,0,0,0
1259362,8398946511903,1,4,0,2,1,0,0,0,0,0,0
1259363,8372930541775,0,4,0,1,0,0,0,0,0,0,0
1259364,8372914571677,0,4,0,1,0,0,0,0,0,0,0
1259365,8259256800675,3,4,0,4,0,3,0,0,0,0,0
1259366,8372883071909,0,4,0,1,0,0,0,0,0,0,0
1259367,8394636597884,1,4,0,2,0,1,0,0,0,0,0
1259368,8426106577713,5,4,0,6,5,0,0,0,0,0,0
1259369,8459913292318,4,4,0,5,2,2,0,0,0,0,0
1259370,8220665290916,3,4,0,4,2,1,0,0,0,0,0
1259371,8403976868069,5,4,0,6,2,3,0,0,0,0,0
1259372,8439711389363,3,4,0,4,3,0,0,0,0,0,0
1259373,8463198782961,4,4,0,5,3,1,0,0,0,0,0
1259374,8466531488262,4,4,0,5,0,4,0,0,0,0,0
1259375,8419107999788,5,4,0,6,4,1,0,0,0,0,0
1259376,8394493503113,1,4,0,2,1,0,0,0,0,0,0
1259377,8394477450677,1,4,0,2,0,1,0,0,0,0,0
1259378,8463117648074,4,4,0,5,3,1,0,0,0,0,0
1259379,8396119966795,1,4,0,2,0,1,0,0,0,0,0
1259380,8416198375886,2,4,0,3,0,2,0,0,0,0,0
1259381,8412644488893,4,4,0,5,2,2,0,0,0,0,0
1259382,8406593660370,5,4,0,6,2,3,0,0,0,0,0
1259383,8459688189417,4,4,0,5,0,4,0,0,0,0,0
1259384,8463903179113,4,4,0,5,1,3,0,0,0,0,0
1259385,8399373150063,1,4,0,2,0,1,0,0,0,0,0
1259386,8412564819912,4,4,0,5,1,3,0,0,0,0,0
1259387,8426086312116,3,4,0,4,0,3,0,0,0,0,0
1259388,8372532881143,0,4,0,1,0,0,0,0,0,0,0
1259389,8416054124302,2,4,0,3,1,1,0,0,0,0,0
1259390,8372500942495,0,4,0,1,0,0,0,0,0,0,0
1259391,8372484973217,0,4,0,1,0,0,0,0,0,0,0
1259392,8372469003969,0,4,0,1,0,0,0,0,0,0,0
1259393,8234870391104,3,4,0,4,3,0,0,0,0,0,0
1259394,8479464119428,3,4,0,4,1,2,0,0,0,0,0
1259395,8372421582395,0,4,0,1,0,0,0,0,0,0,0
1259396,8443942205484,3,4,0,4,2,1,0,0,0,0,0
1259397,8394157898757,1,4,0,2,1,0,0,0,0,0,0
1259398,8372373675105,0,4,0,1,0,0,0,0,0,0,0
1259399,8415894049180,2,4,0,3,0,2,0,0,0,0,0
1259400,8372341737065,0,4,0,1,0,0,0,0,0,0,0
1259401,8412325768090,4,4,0,5,0,4,0,0,0,0,0
1259402,8389430657594,5,4,0,6,1,4,0,0,0,0,0
1259403,8441830182196,2,4,0,3,1,1,0,0,0,0,0
1259404,8457675435141,2,4,0,3,1,1,0,0,0,0,0
1259405,8438449026373,2,4,0,3,1,1,0,0,0,0,0
1259406,7823043772858,2,4,0,3,0,2,0,0,0,0,0
1259407,7823030400315,2,4,0,3,0,2,0,0,0,0,0
1259408,8412216816517,4,4,0,5,2,2,0,0,0,0,0
1259409,8426073846674,3,4,0,4,1,2,0,0,0,0,0
1259410,7823066968395,2,4,0,3,0,2,0,0,0,0,0
1259411,7823212109691,2,4,0,3,0,2,0,0,0,0,0
1259412,8425452371954,5,4,0,6,5,0,0,0,0,0,0
1259413,8357605386547,4,4,0,5,1,3,0,0,0,0,0
1259414,8169166572852,5,4,0,6,1,4,0,0,0,0,0
1259415,8474109570218,4,4,0,5,1,3,0,0,0,0,0
1259416,8372092747290,0,4,0,1,0,0,0,0,0,0,0
1259417,8372076778790,0,4,0,1,0,0,0,0,0,0,0
1259418,8372060810321,0,4,0,1,0,0,0,0,0,0,0
1259419,8469160747278,3,4,0,4,0,3,0,0,0,0,0
1259420,8372028873474,0,4,0,1,0,0,0,0,0,0,0
1259421,8472012905096,1,4,0,2,0,1,0,0,0,0,0
1259422,8411996936748,4,4,0,5,0,4,0,0,0,0,0
1259423,8412654300274,3,4,0,4,0,3,0,0,0,0,0
1259424,8469080476660,3,4,0,4,3,0,0,0,0,0,0
1259425,8411949158705,4,4,0,5,3,1,0,0,0,0,0
1259426,8462350796070,3,4,0,4,0,3,0,0,0,0,0
1259427,8437218301166,3,4,0,4,3,0,0,0,0,0,0
1259428,8371901254120,0,4,0,1,0,0,0,0,0,0,0
1259429,8403698510735,1,4,0,2,1,0,0,0,0,0,0
1259430,8393636302653,1,4,0,2,0,1,0,0,0,0,0
1259431,8471853349808,1,4,0,2,1,0,0,0,0,0,0
1259432,8371837381765,0,4,0,1,0,0,0,0,0,0,0
1259433,8411821413752,4,4,0,5,2,2,0,0,0,0,0
1259434,8447105652768,4,4,0,5,3,1,0,0,0,0,0
1259435,8390912104849,5,4,0,6,3,2,0,0,0,0,0
1259436,8187288028429,3,4,0,4,0,3,0,0,0,0,0
1259437,7845941568210,2,4,0,3,1,1,0,0,0,0,0
1259438,8184430973629,5,4,0,6,4,1,0,0,0,0,0
1259439,8421169219375,2,4,0,3,1,1,0,0,0,0,0
1259440,8447057794885,2,4,0,3,2,0,0,0,0,0,0
1259441,8436995628739,3,4,0,4,2,1,0,0,0,0,0
1259442,8371680305523,0,4,0,1,0,0,0,0,0,0,0
1259443,8371664337810,0,4,0,1,0,0,0,0,0,0,0
1259444,8371648370128,0,4,0,1,0,0,0,0,0,0,0
1259445,8496747347585,2,4,0,3,0,2,0,0,0,0,0
1259446,8400079985014,1,4,0,2,0,1,0,0,0,0,0
1259447,8371600467263,0,4,0,1,0,0,0,0,0,0,0
1259448,8411584499702,4,4,0,5,2,2,0,0,0,0,0
1259449,8540215611269,4,4,0,5,2,2,0,0,0,0,0
1259450,8423318642850,2,4,0,3,1,1,0,0,0,0,0
1259451,8393302633859,1,4,0,2,1,0,0,0,0,0,0
1259452,8371520629764,0,4,0,1,0,0,0,0,0,0,0
1259453,8425082394355,1,4,0,2,1,0,0,0,0,0,0
1259454,8450928997443,3,4,0,4,2,1,0,0,0,0,0
1259455,8371472727630,0,4,0,1,0,0,0,0,0,0,0
1259456,8411456760313,4,4,0,5,2,2,0,0,0,0,0
1259457,8434972451196,4,4,0,5,2,2,0,0,0,0,0
1259458,8438396441508,3,4,0,4,0,3,0,0,0,0,0
1259459,8423174563089,4,4,0,5,1,3,0,0,0,0,0
1259460,8458455709529,4,4,0,5,2,2,0,0,0,0,0
1259461,8431630334370,3,4,0,4,2,1,0,0,0,0,0
1259462,8138442088725,3,4,0,4,2,1,0,0,0,0,0
1259463,8449991437153,4,4,0,5,2,2,0,0,0,0,0
1259464,8480769641889,4,4,0,5,3,1,0,0,0,0,0
1259465,8415509950462,3,4,0,4,1,2,0,0,0,0,0
1259466,7981238049301,4,4,0,5,1,3,0,0,0,0,0
1259467,8381618435027,4,4,0,5,0,4,0,0,0,0,0
1259468,8388035568269,3,4,0,4,1,2,0,0,0,0,0
1259469,8414388651470,5,4,0,6,4,1,0,0,0,0,0
1259470,8424675108283,4,4,0,5,3,1,0,0,0,0,0
1259471,8491219637373,4,4,0,5,0,4,0,0,0,0,0
1259472,8427203670538,2,4,0,3,0,2,0,0,0,0,0
1259473,8399187703734,1,4,0,2,0,1,0,0,0,0,0
1259474,8426421470412,1,4,0,2,0,1,0,0,0,0,0
1259475,8371155770218,0,4,0,1,0,0,0,0,0,0,0
1259476,8394579039661,1,4,0,2,0,1,0,0,0,0,0
1259477,8371123836823,0,4,0,1,0,0,0,0,0,0,0
1259478,8401107870172,3,4,0,4,2,1,0,0,0,0,0
1259479,8414621664475,2,4,0,3,2,0,0,0,0,0,0
1259480,8392840775900,1,4,0,2,0,1,0,0,0,0,0
1259481,8492824767831,2,4,0,3,1,1,0,0,0,0,0
1259482,8371044003870,0,4,0,1,0,0,0,0,0,0,0
1259483,8439583529197,3,4,0,4,1,2,0,0,0,0,0
1259484,8371012144514,0,4,0,1,0,0,0,0,0,0,0
1259485,8370996178075,0,4,0,1,0,0,0,0,0,0,0
1259486,8392744801722,1,4,0,2,0,1,0,0,0,0,0
1259487,8422728793835,4,4,0,5,3,1,0,0,0,0,0
1259488,8392712785979,1,4,0,2,1,0,0,0,0,0,0
1259489,8473809622965,4,4,0,5,1,3,0,0,0,0,0
1259490,8447928923591,1,4,0,2,0,1,0,0,0,0,0
1259491,8414429228095,1,4,0,2,0,1,0,0,0,0,0
1259492,8421109816138,2,4,0,3,0,2,0,0,0,0,0
1259493,8414397129639,2,4,0,3,1,1,0,0,0,0,0
1259494,8414380997412,2,4,0,3,2,0,0,0,0,0,0
1259495,8444500017188,1,4,0,2,1,0,0,0,0,0,0
1259496,8370820549261,0,4,0,1,0,0,0,0,0,0,0
1259497,8370804583188,0,4,0,1,0,0,0,0,0,0,0
1259498,8370788617145,0,4,0,1,0,0,0,0,0,0,0
1259499,8392536701532,1,4,0,2,0,1,0,0,0,0,0
1259500,8396756685151,1,4,0,2,1,0,0,0,0,0,0
1259501,8394178837918,1,4,0,2,0,1,0,0,0,0,0
1259502,8435926797856,4,4,0,5,2,2,0,0,0,0,0
1259503,8392472671738,1,4,0,2,0,1,0,0,0,0,0
1259504,8495237195886,5,4,0,6,4,1,0,0,0,0,0
1259505,8449227044373,3,4,0,4,2,1,0,0,0,0,0
1259506,8451025702458,2,4,0,3,0,2,0,0,0,0,0
1259507,8454351653411,2,4,0,3,0,2,0,0,0,0,0
1259508,8469402829587,2,4,0,3,1,1,0,0,0,0,0
1259509,8392376747510,1,4,0,2,0,1,0,0,0,0,0
1259510,8370597146237,0,4,0,1,0,0,0,0,0,0,0
1259511,8370581180590,0,4,0,1,0,0,0,0,0,0,0
1259512,8425048309910,3,4,0,4,2,1,0,0,0,0,0
1259513,8370549349829,0,4,0,1,0,0,0,0,0,0,0
1259514,8380533384273,1,4,0,2,0,1,0,0,0,0,0
1259515,8370517418748,0,4,0,1,0,0,0,0,0,0,0
1259516,8414028143811,1,4,0,2,0,1,0,0,0,0,0
1259517,8423564605378,3,4,0,4,1,2,0,0,0,0,0
1259518,8171315537669,3,4,0,4,1,2,0,0,0,0,0
1259519,8195914769566,5,4,0,6,2,3,0,0,0,0,0
1259520,8457491961232,4,4,0,5,4,0,0,0,0,0,0
1259521,8420645087206,5,4,0,6,5,0,0,0,0,0,0
1259522,8457459858632,4,4,0,5,4,0,0,0,0,0,0
1259523,8437354384723,1,4,0,2,0,1,0,0,0,0,0
1259524,8418923431274,2,4,0,3,0,2,0,0,0,0,0
1259525,8370359197525,0,4,0,1,0,0,0,0,0,0,0
1259526,8415899832721,5,4,0,6,4,1,0,0,0,0,0
1259527,8423897626006,2,4,0,3,2,0,0,0,0,0,0
1259528,8413837125094,2,4,0,3,2,0,0,0,0,0,0
1259529,8392058267282,1,4,0,2,1,0,0,0,0,0,0
1259530,8437241900860,3,4,0,4,2,1,0,0,0,0,0
1259531,8392026254151,1,4,0,2,1,0,0,0,0,0,0
1259532,8392010289141,1,4,0,2,0,1,0,0,0,0,0
1259533,8391994282651,1,4,0,2,1,0,0,0,0,0,0
1259534,8370215632536,0,4,0,1,0,0,0,0,0,0,0
1259535,8418746918271,2,4,0,3,1,1,0,0,0,0,0
1259536,8391946221857,1,4,0,2,1,0,0,0,0,0,0
1259537,8370167737870,0,4,0,1,0,0,0,0,0,0,0
1259538,8391914209153,1,4,0,2,1,0,0,0,0,0,0
1259539,8370135808244,0,4,0,1,0,0,0,0,0,0,0
1259540,8467213418815,4,4,0,5,2,2,0,0,0,0,0
1259541,8467197412570,3,4,0,4,2,1,0,0,0,0,0
1259542,8422573276548,5,4,0,6,5,0,0,0,0,0,0
1259543,8422072056792,2,4,0,3,2,0,0,0,0,0,0
1259544,8370056092147,0,4,0,1,0,0,0,0,0,0,0
1259545,8391802273366,1,4,0,2,1,0,0,0,0,0,0
1259546,8370024162947,0,4,0,1,0,0,0,0,0,0,0
1259547,8423291020159,5,4,0,6,5,0,0,0,0,0,0
1259548,8468902104255,3,4,0,4,1,2,0,0,0,0,0
1259549,8151844122826,4,4,0,5,3,1,0,0,0,0,0
1259550,8476787687847,4,4,0,5,2,2,0,0,0,0,0
1259551,8410732062131,5,4,0,6,3,2,0,0,0,0,0
1259552,8419691205282,2,4,0,3,1,1,0,0,0,0,0
1259553,8369913302321,0,4,0,1,0,0,0,0,0,0,0
1259554,8399112794006,5,4,0,6,2,3,0,0,0,0,0
1259555,8502981150964,5,4,0,6,5,0,0,0,0,0,0
1259556,8435150863306,3,4,0,4,3,0,0,0,0,0,0
1259557,8417281360780,4,4,0,5,2,2,0,0,0,0,0
1259558,8423930658963,5,4,0,6,5,0,0,0,0,0,0
1259559,8418698101141,5,4,0,6,4,1,0,0,0,0,0
1259560,8371908031865,5,4,0,6,4,1,0,0,0,0,0
1259561,8391547874328,1,4,0,2,1,0,0,0,0,0,0
1259562,8467293313865,4,4,0,5,3,1,0,0,0,0,0
1259563,8445082538058,1,4,0,2,0,1,0,0,0,0,0
1259564,8441718384909,3,4,0,4,2,1,0,0,0,0,0
1259565,8413245172718,2,4,0,3,2,0,0,0,0,0,0
1259566,8458425627383,4,4,0,5,2,2,0,0,0,0,0
1259567,8369690604617,0,4,0,1,0,0,0,0,0,0,0
1259568,8460958227379,4,4,0,5,3,1,0,0,0,0,0
1259569,8369658676811,0,4,0,1,0,0,0,0,0,0,0
1259570,8396699083879,5,4,0,6,4,1,0,0,0,0,0
1259571,8456671237131,4,4,0,5,1,3,0,0,0,0,0
1259572,8407610947641,1,4,0,2,0,1,0,0,0,0,0
1259573,8369594983875,0,4,0,1,0,0,0,0,0,0,0
1259574,8369579020140,0,4,0,1,0,0,0,0,0,0,0
1259575,8458280594047,4,4,0,5,1,3,0,0,0,0,0
1259576,8415873078209,5,4,0,6,4,1,0,0,0,0,0
1259577,8425744881759,5,4,0,6,4,1,0,0,0,0,0
1259578,8369515411971,0,4,0,1,0,0,0,0,0,0,0
1259579,8467058840439,3,4,0,4,1,2,0,0,0,0,0
1259580,8459587346941,5,4,0,6,3,2,0,0,0,0,0
1259581,8432989142210,4,4,0,5,2,2,0,0,0,0,0
1259582,8218009560622,2,4,0,3,0,2,0,0,0,0,0
1259583,8342652452794,5,4,0,6,0,5,0,0,0,0,0
1259584,8463158501537,3,4,0,4,2,1,0,0,0,0,0
1259585,8431032119719,3,4,0,4,3,0,0,0,0,0,0
1259586,8422599778752,5,4,0,6,5,0,0,0,0,0,0
1259587,8422607128778,5,4,0,6,5,0,0,0,0,0,0
1259588,8373409945008,5,4,0,6,1,4,0,0,0,0,0
1259589,8444622338321,4,4,0,5,4,0,0,0,0,0,0
1259590,8422581468044,5,4,0,6,5,0,0,0,0,0,0
1259591,8456350928634,4,4,0,5,3,1,0,0,0,0,0
1259592,8422619418525,5,4,0,6,5,0,0,0,0,0,0
1259593,8423711571365,4,4,0,5,3,1,0,0,0,0,0
1259594,8424990666858,5,4,0,6,5,0,0,0,0,0,0
1259595,8464655575784,2,4,0,3,0,2,0,0,0,0,0
1259596,8305063897014,5,4,0,6,3,2,0,0,0,0,0
1259597,8432734403395,4,4,0,5,1,3,0,0,0,0,0
1259598,8454564590511,2,4,0,3,0,2,0,0,0,0,0
1259599,8429357346064,3,4,0,4,2,1,0,0,0,0,0
1259600,8431040391818,5,4,0,6,1,4,0,0,0,0,0
1259601,8419727768475,3,4,0,4,1,2,0,0,0,0,0
1259602,7993235382427,5,4,0,6,0,5,0,0,0,0,0
1259603,8336577973628,5,4,0,6,4,1,0,0,0,0,0
1259604,8389975496961,5,4,0,6,2,3,0,0,0,0,0
1259605,8442694750342,2,4,0,3,1,1,0,0,0,0,0
1259606,8416133936954,3,4,0,4,0,3,0,0,0,0,0
1259607,8426286498670,5,4,0,6,5,0,0,0,0,0,0
1259608,7820050931369,2,4,0,3,0,2,0,0,0,0,0
1259609,8423501365347,3,4,0,4,2,1,0,0,0,0,0
1259610,8432529976520,4,4,0,5,3,1,0,0,0,0,0
1259611,8423536140633,3,4,0,4,2,1,0,0,0,0,0
1259612,8489601800124,5,4,0,6,4,1,0,0,0,0,0
1259613,8456002063604,4,4,0,5,4,0,0,0,0,0,0
1259614,8112262154359,4,4,0,5,3,1,0,0,0,0,0
1259615,8423609332798,5,4,0,6,5,0,0,0,0,0,0
1259616,8371513519486,3,4,0,4,1,2,0,0,0,0,0
1259617,8233806060421,2,4,0,3,1,1,0,0,0,0,0
1259618,8199314224849,3,4,0,4,1,2,0,0,0,0,0
1259619,8194498049285,5,4,0,6,4,1,0,0,0,0,0
1259620,8467606728947,4,4,0,5,3,1,0,0,0,0,0
1259621,8406851051502,5,4,0,6,3,2,0,0,0,0,0
1259622,8422031564039,5,4,0,6,5,0,0,0,0,0,0
1259623,8422016509080,5,4,0,6,5,0,0,0,0,0,0
1259624,8422111162635,5,4,0,6,5,0,0,0,0,0,0
1259625,8359921358158,5,4,0,6,4,1,0,0,0,0,0
1259626,8437064166159,5,4,0,6,4,1,0,0,0,0,0
1259627,8420355605338,4,4,0,5,1,3,0,0,0,0,0
1259628,8439732804614,5,4,0,6,4,1,0,0,0,0,0
1259629,8467841543172,5,4,0,6,5,0,0,0,0,0,0
1259630,8412213038169,2,4,0,3,2,0,0,0,0,0,0
1259631,8394958271820,1,4,0,2,0,1,0,0,0,0,0
1259632,8363002573063,3,4,0,4,0,3,0,0,0,0,0
1259633,8275598283760,4,4,0,5,1,3,0,0,0,0,0
1259634,8418884973520,4,4,0,5,1,3,0,0,0,0,0
1259635,8462092889946,3,4,0,4,1,2,0,0,0,0,0
1259636,8474222515168,5,4,0,6,3,2,0,0,0,0,0
1259637,8467768604935,5,4,0,6,3,2,0,0,0,0,0
1259638,8183851206944,4,4,0,5,4,0,0,0,0,0,0
1259639,8469368095564,5,4,0,6,5,0,0,0,0,0,0
1259640,8389911721091,4,4,0,5,2,2,0,0,0,0,0
1259641,8488592094539,5,4,0,6,4,1,0,0,0,0,0
1259642,8154620148597,6,4,0,7,6,0,0,0,0,0,0
1259643,8157846180157,6,4,0,7,6,0,0,0,0,0,0
1259644,8428786868370,4,4,0,5,1,3,0,0,0,0,0
1259645,8441600870355,5,4,0,6,2,3,0,0,0,0,0
1259646,8255523006464,5,4,0,6,1,4,0,0,0,0,0
1259647,8449019935792,4,4,0,5,4,0,0,0,0,0,0
1259648,8495742513486,5,4,0,6,4,1,0,0,0,0,0
1259649,8448999638951,4,4,0,5,2,2,0,0,0,0,0
1259650,8468206639416,5,4,0,6,5,0,0,0,0,0,0
1259651,8468806897216,5,4,0,6,5,0,0,0,0,0,0
1259652,8448961634585,4,4,0,5,2,2,0,0,0,0,0
1259653,8157332952227,6,4,0,7,6,0,0,0,0,0,0
1259654,8469024305204,5,4,0,6,4,1,0,0,0,0,0
1259655,8517232457201,5,4,0,6,2,3,0,0,0,0,0
1259656,8428786862207,3,4,0,4,2,1,0,0,0,0,0
1259657,8464116662297,5,4,0,6,0,5,0,0,0,0,0
1259658,8466041452549,4,4,0,5,3,1,0,0,0,0,0
1259659,8467765658007,5,4,0,6,3,2,0,0,0,0,0
1259660,8450243763667,3,4,0,4,1,2,0,0,0,0,0
1259661,8626203975785,4,4,0,5,2,2,0,0,0,0,0
1259662,8417257645038,5,4,0,6,3,2,0,0,0,0,0
1259663,8388291159782,1,4,0,2,1,0,0,0,0,0,0
1259664,8528511059360,4,4,0,5,4,0,0,0,0,0,0
1259665,8368140262658,0,4,0,1,0,0,0,0,0,0,0
1259666,8458478907152,4,4,0,5,2,2,0,0,0,0,0
1259667,8428108340767,2,4,0,3,1,1,0,0,0,0,0
1259668,8448567360635,4,4,0,5,2,2,0,0,0,0,0
1259669,8368076418998,0,4,0,1,0,0,0,0,0,0,0
1259670,8391490989570,3,4,0,4,0,3,0,0,0,0,0
1259671,8171734067641,2,4,0,3,0,2,0,0,0,0,0
1259672,8166615855913,6,4,0,7,6,0,0,0,0,0,0
1259673,8359084795237,3,4,0,4,0,3,0,0,0,0,0
1259674,8449187808605,4,4,0,5,2,2,0,0,0,0,0
1259675,8155110285071,6,4,0,7,6,0,0,0,0,0,0
1259676,8160129392186,6,4,0,7,6,0,0,0,0,0,0
1259677,8468544818865,5,4,0,6,5,0,0,0,0,0,0
1259678,8448407414454,4,4,0,5,3,1,0,0,0,0,0
1259679,8447919690771,3,4,0,4,2,1,0,0,0,0,0
1259680,8477445467385,5,4,0,6,3,2,0,0,0,0,0
1259681,8388006355758,1,4,0,2,1,0,0,0,0,0,0
1259682,8467856728329,5,4,0,6,3,2,0,0,0,0,0
1259683,8428092884313,4,4,0,5,1,3,0,0,0,0,0
1259684,8468216543989,5,4,0,6,4,1,0,0,0,0,0
1259685,8459129174590,2,4,0,3,1,1,0,0,0,0,0
1259686,8466044229942,4,4,0,5,3,1,0,0,0,0,0
1259687,8292926551973,2,4,0,3,0,2,0,0,0,0,0
1259688,8466249460106,5,4,0,6,2,3,0,0,0,0,0
1259689,8427995551004,4,4,0,5,3,1,0,0,0,0,0
1259690,8466543485308,5,4,0,6,2,3,0,0,0,0,0
1259691,8467146836421,5,4,0,6,2,3,0,0,0,0,0
1259692,8396191602488,3,4,0,4,0,3,0,0,0,0,0
1259693,8407158778464,3,4,0,4,1,2,0,0,0,0,0
1259694,8468263768184,5,4,0,6,5,0,0,0,0,0,0
1259695,8417781631958,4,4,0,5,1,3,0,0,0,0,0
1259696,8173472904617,6,4,0,7,6,0,0,0,0,0,0
1259697,8468216183683,5,4,0,6,5,0,0,0,0,0,0
1259698,8153776242032,6,4,0,7,5,1,0,0,0,0,0
1259699,8176579929382,6,4,0,7,6,0,0,0,0,0,0
1259700,8315386626701,3,4,0,4,1,2,0,0,0,0,0
1259701,8180148215278,6,4,0,7,6,0,0,0,0,0,0
1259702,8183464706030,6,4,0,7,6,0,0,0,0,0,0
1259703,8388078986168,4,4,0,5,0,4,0,0,0,0,0
1259704,8381787208480,3,4,0,4,2,1,0,0,0,0,0
1259705,8467690026436,5,4,0,6,5,0,0,0,0,0,0
1259706,8447601692935,5,4,0,6,4,1,0,0,0,0,0
1259707,8437537379877,4,4,0,5,2,2,0,0,0,0,0
1259708,8187805502726,6,4,0,7,6,0,0,0,0,0,0
1259709,8189871541737,6,4,0,7,6,0,0,0,0,0,0
1259710,8195006869555,6,4,0,7,6,0,0,0,0,0,0
1259711,8469546543511,5,4,0,6,4,1,0,0,0,0,0
1259712,8475335046974,4,4,0,5,2,2,0,0,0,0,0
1259713,8466915861615,5,4,0,6,2,3,0,0,0,0,0
1259714,8474371186056,5,4,0,6,3,2,0,0,0,0,0
1259715,8547351183502,4,4,0,5,2,2,0,0,0,0,0
1259716,8537333593366,4,4,0,5,3,1,0,0,0,0,0
1259717,8427345214345,3,4,0,4,2,1,0,0,0,0,0
1259718,8352499724520,4,4,0,5,2,2,0,0,0,0,0
1259719,8427326884975,4,4,0,5,2,2,0,0,0,0,0
1259720,8481817059066,5,4,0,6,3,2,0,0,0,0,0
1259721,8393876589255,4,4,0,5,1,3,0,0,0,0,0
1259722,8198863290294,4,4,0,5,3,1,0,0,0,0,0
1259723,8185740342882,6,4,0,7,6,0,0,0,0,0,0
1259724,8467164112855,4,4,0,5,1,3,0,0,0,0,0
1259725,8195080010658,6,4,0,7,6,0,0,0,0,0,0
1259726,8447037202626,5,4,0,6,3,2,0,0,0,0,0
1259727,8415795745459,4,4,0,5,3,1,0,0,0,0,0
1259728,8428670633921,4,4,0,5,1,3,0,0,0,0,0
1259729,8540743984500,4,4,0,5,1,3,0,0,0,0,0
1259730,8426996219173,3,4,0,4,1,2,0,0,0,0,0
1259731,8407019450691,2,4,0,3,1,1,0,0,0,0,0
1259732,8415061089953,2,4,0,3,1,1,0,0,0,0,0
1259733,8427063225223,4,4,0,5,2,2,0,0,0,0,0
1259734,8466788578257,5,4,0,6,2,3,0,0,0,0,0
1259735,8179428361792,6,4,0,7,5,1,0,0,0,0,0
1259736,8159435142672,6,4,0,7,4,2,0,0,0,0,0
1259737,8417792963780,2,4,0,3,1,1,0,0,0,0,0
1259738,8376987563214,1,4,0,2,0,1,0,0,0,0,0
1259739,8402370052670,1,4,0,2,0,1,0,0,0,0,0
1259740,8475026337662,5,4,0,6,4,1,0,0,0,0,0
1259741,8406982178730,2,4,0,3,1,1,0,0,0,0,0
1259742,8406923728375,4,4,0,5,0,4,0,0,0,0,0
1259743,8465117088574,5,4,0,6,0,5,0,0,0,0,0
1259744,8473824431691,5,4,0,6,3,2,0,0,0,0,0
1259745,8302512309497,5,4,0,6,4,1,0,0,0,0,0
1259746,8438881300923,3,4,0,4,3,0,0,0,0,0,0
1259747,8185072607864,6,4,0,7,6,0,0,0,0,0,0
1259748,8466933916237,5,4,0,6,5,0,0,0,0,0,0
1259749,8396833963917,2,4,0,3,2,0,0,0,0,0,0
1259750,8366796987926,0,4,0,1,0,0,0,0,0,0,0
1259751,8450135135119,4,4,0,5,4,0,0,0,0,0,0
1259752,8399507654408,3,4,0,4,1,2,0,0,0,0,0
1259753,8415503152639,5,4,0,6,4,1,0,0,0,0,0
1259754,8386800141202,1,4,0,2,1,0,0,0,0,0,0
1259755,8386784144653,1,4,0,2,0,1,0,0,0,0,0
1259756,8386733271447,1,4,0,2,1,0,0,0,0,0,0
1259757,8386685575609,2,4,0,3,0,2,0,0,0,0,0
1259758,8366669617422,0,4,0,1,0,0,0,0,0,0,0
1259759,8161013569699,6,4,0,7,5,1,0,0,0,0,0
1259760,8466796399410,5,4,0,6,5,0,0,0,0,0,0
1259761,8422622364516,2,4,0,3,1,1,0,0,0,0,0
1259762,8406669426174,2,4,0,3,1,1,0,0,0,0,0
1259763,8386656720459,1,4,0,2,1,0,0,0,0,0,0
1259764,8426891890254,3,4,0,4,2,1,0,0,0,0,0
1259765,8366558532436,0,4,0,1,0,0,0,0,0,0,0
1259766,8366542574492,0,4,0,1,0,0,0,0,0,0,0
1259767,8467183562185,5,4,0,6,4,1,0,0,0,0,0
1259768,8184824331975,6,4,0,7,6,0,0,0,0,0,0
1259769,8407484880415,3,4,0,4,1,2,0,0,0,0,0
1259770,8180503273582,6,4,0,7,6,0,0,0,0,0,0
1259771,8446886209018,4,4,0,5,2,2,0,0,0,0,0
1259772,8446870103522,4,4,0,5,0,4,0,0,0,0,0
1259773,8463783242812,3,4,0,4,2,1,0,0,0,0,0
1259774,8466943693362,5,4,0,6,5,0,0,0,0,0,0
1259775,8209285596066,2,4,0,3,0,2,0,0,0,0,0
1259776,8655556803540,5,4,0,6,3,2,0,0,0,0,0
1259777,8209301707308,2,4,0,3,0,2,0,0,0,0,0
1259778,8210812446977,2,4,0,3,0,2,0,0,0,0,0
1259779,8490619287029,5,4,0,6,1,4,0,0,0,0,0
1259780,8465181677429,3,4,0,4,1,2,0,0,0,0,0
1259781,8466567356598,3,4,0,4,1,2,0,0,0,0,0
1259782,8442003653846,5,4,0,6,2,3,0,0,0,0,0
1259783,8447196897347,4,4,0,5,2,2,0,0,0,0,0
1259784,8219861019159,2,4,0,3,0,2,0,0,0,0,0
1259785,8465099115856,3,4,0,4,2,1,0,0,0,0,0
1259786,8465083196748,3,4,0,4,2,1,0,0,0,0,0
1259787,8192793899786,4,4,0,5,2,2,0,0,0,0,0
1259788,8465062314402,3,4,0,4,1,2,0,0,0,0,0
1259789,8410694818443,3,4,0,4,1,2,0,0,0,0,0
1259790,8436314521973,4,4,0,5,1,3,0,0,0,0,0
1259791,7810955660154,3,4,0,4,0,3,0,0,0,0,0
1259792,8469048579311,5,4,0,6,3,2,0,0,0,0,0
1259793,8455786648820,2,4,0,3,0,2,0,0,0,0,0
1259794,8188151488602,5,4,0,6,4,1,0,0,0,0,0
1259795,8179435203845,6,4,0,7,5,1,0,0,0,0,0
1259796,8190990031826,6,4,0,7,6,0,0,0,0,0,0
1259797,8411528590264,4,4,0,5,3,1,0,0,0,0,0
1259798,8463444808265,2,4,0,3,2,0,0,0,0,0,0
1259799,8466936044742,5,4,0,6,3,2,0,0,0,0,0
1259800,8464958640351,3,4,0,4,2,1,0,0,0,0,0
1259801,8466213825181,5,4,0,6,2,3,0,0,0,0,0
1259802,8446601524436,4,4,0,5,0,4,0,0,0,0,0
1259803,8463910572390,5,4,0,6,0,5,0,0,0,0,0
1259804,8379334031042,6,4,0,7,6,0,0,0,0,0,0
1259805,8464420637286,5,4,0,6,0,5,0,0,0,0,0
1259806,8465546694734,5,4,0,6,1,4,0,0,0,0,0
1259807,8466450390122,5,4,0,6,4,1,0,0,0,0,0
1259808,8465627344435,5,4,0,6,1,4,0,0,0,0,0
1259809,8437495118147,5,4,0,6,2,3,0,0,0,0,0
1259810,8159788252414,6,4,0,7,4,2,0,0,0,0,0
1259811,8439065044219,4,4,0,5,2,2,0,0,0,0,0
1259812,8445986073486,4,4,0,5,0,4,0,0,0,0,0
1259813,8465663653152,5,4,0,6,2,3,0,0,0,0,0
1259814,8466085482822,5,4,0,6,5,0,0,0,0,0,0
1259815,8397881774205,3,4,0,4,2,1,0,0,0,0,0
1259816,8464126781112,5,4,0,6,0,5,0,0,0,0,0
1259817,8465342459977,5,4,0,6,1,4,0,0,0,0,0
1259818,8437108796883,5,4,0,6,4,1,0,0,0,0,0
1259819,8196082677405,6,4,0,7,6,0,0,0,0,0,0
1259820,8467695602122,5,4,0,6,4,1,0,0,0,0,0
1259821,8466283526861,5,4,0,6,5,0,0,0,0,0,0
1259822,8455812702279,5,4,0,6,3,2,0,0,0,0,0
1259823,8466080587884,5,4,0,6,5,0,0,0,0,0,0
1259824,8201307119119,6,4,0,7,6,0,0,0,0,0,0
1259825,8467989835994,4,4,0,5,0,4,0,0,0,0,0
1259826,8465022788958,5,4,0,6,0,5,0,0,0,0,0
1259827,8465623979853,5,4,0,6,2,3,0,0,0,0,0
1259828,8464975528742,5,4,0,6,1,4,0,0,0,0,0
1259829,8435553105449,4,4,0,5,1,3,0,0,0,0,0
1259830,8204061685816,4,4,0,5,2,2,0,0,0,0,0
1259831,8210819972016,6,4,0,7,6,0,0,0,0,0,0
1259832,8436932046553,4,4,0,5,1,3,0,0,0,0,0
1259833,8464834171828,5,4,0,6,5,0,0,0,0,0,0
1259834,8156483625767,6,4,0,7,3,3,0,0,0,0,0
1259835,8448129557902,4,4,0,5,1,3,0,0,0,0,0
1259836,8412473564284,6,4,0,7,3,3,0,0,0,0,0
1259837,8464771545159,5,4,0,6,5,0,0,0,0,0,0
1259838,8206771905265,6,4,0,7,6,0,0,0,0,0,0
1259839,8205480880607,6,4,0,7,6,0,0,0,0,0,0
1259840,8463514932104,4,4,0,5,2,2,0,0,0,0,0
1259841,8173175120682,2,4,0,3,0,2,0,0,0,0,0
1259842,8453293930813,3,4,0,4,1,2,0,0,0,0,0
1259843,8552848411754,4,4,0,5,1,3,0,0,0,0,0
1259844,8413038581150,3,4,0,4,0,3,0,0,0,0,0
1259845,8413789262475,3,4,0,4,0,3,0,0,0,0,0
1259846,8423847007854,3,4,0,4,2,1,0,0,0,0,0
1259847,7908437978143,2,4,0,3,0,2,0,0,0,0,0
1259848,8421535593318,3,4,0,4,1,2,0,0,0,0,0
1259849,8249799889687,2,4,0,3,0,2,0,0,0,0,0
1259850,8423372256828,3,4,0,4,1,2,0,0,0,0,0
1259851,8442453166642,2,4,0,3,1,1,0,0,0,0,0
1259852,8452306743564,2,4,0,3,1,1,0,0,0,0,0
1259853,8431671626925,3,4,0,4,2,1,0,0,0,0,0
1259854,8569270877746,5,4,0,6,1,4,0,0,0,0,0
1259855,8454153024919,5,4,0,6,2,3,0,0,0,0,0
1259856,8450215111888,4,4,0,5,1,3,0,0,0,0,0
1259857,8433640235989,3,4,0,4,2,1,0,0,0,0,0
1259858,8433229817804,3,4,0,4,2,1,0,0,0,0,0
1259859,8433013428438,3,4,0,4,2,1,0,0,0,0,0
1259860,8464032874720,5,4,0,6,2,3,0,0,0,0,0
1259861,8433351068824,3,4,0,4,2,1,0,0,0,0,0
1259862,8444171726124,5,4,0,6,2,3,0,0,0,0,0
1259863,8423308796374,3,4,0,4,0,3,0,0,0,0,0
1259864,8451947626932,2,4,0,3,0,2,0,0,0,0,0
1259865,8451931634608,2,4,0,3,0,2,0,0,0,0,0
1259866,8431820011623,3,4,0,4,2,1,0,0,0,0,0
1259867,8317975319863,6,4,0,7,2,4,0,0,0,0,0
1259868,8435607544892,3,4,0,4,2,1,0,0,0,0,0
1259869,8498867469468,4,4,0,5,1,3,0,0,0,0,0
1259870,7867481839827,4,4,0,5,0,4,0,0,0,0,0
1259871,8426770846502,3,4,0,4,0,3,0,0,0,0,0
1259872,8442120847957,2,4,0,3,1,1,0,0,0,0,0
1259873,7882192745437,4,4,0,5,0,4,0,0,0,0,0
1259874,8433905160161,3,4,0,4,2,1,0,0,0,0,0
1259875,8340129974594,3,4,0,4,1,2,0,0,0,0,0
1259876,8414500536472,4,4,0,5,0,4,0,0,0,0,0
1259877,8463256290572,5,4,0,6,2,3,0,0,0,0,0
1259878,8457180973790,2,4,0,3,1,1,0,0,0,0,0
1259879,8216931109819,4,4,0,5,0,4,0,0,0,0,0
1259880,8451089550951,2,4,0,3,0,2,0,0,0,0,0
1259881,8426932151250,3,4,0,4,1,2,0,0,0,0,0
1259882,8451057651690,2,4,0,3,0,2,0,0,0,0,0
1259883,8330068564634,2,4,0,3,0,2,0,0,0,0,0
1259884,8262416007347,2,4,0,3,0,2,0,0,0,0,0
1259885,8583773682609,5,4,0,6,4,1,0,0,0,0,0
1259886,8450970050325,2,4,0,3,0,2,0,0,0,0,0
1259887,8439060351905,3,4,0,4,2,1,0,0,0,0,0
1259888,8434834205228,3,4,0,4,1,2,0,0,0,0,0
1259889,8385825437916,4,4,0,5,0,4,0,0,0,0,0
1259890,8340480084843,5,4,0,6,4,1,0,0,0,0,0
1259891,8449603436525,3,4,0,4,1,2,0,0,0,0,0
1259892,8464399549752,5,4,0,6,4,1,0,0,0,0,0
1259893,8311904347297,6,4,0,7,6,0,0,0,0,0,0
1259894,8493723406042,5,4,0,6,1,4,0,0,0,0,0
1259895,8460953228565,3,4,0,4,2,1,0,0,0,0,0
1259896,8277218033666,5,4,0,6,0,5,0,0,0,0,0
1259897,8300575144253,6,4,0,7,5,1,0,0,0,0,0
1259898,8289917958815,6,4,0,7,4,2,0,0,0,0,0
1259899,8336754487596,2,4,0,3,1,1,0,0,0,0,0
1259900,8458434583372,5,4,0,6,4,1,0,0,0,0,0
1259901,8261296031896,4,4,0,5,2,2,0,0,0,0,0
1259902,8441867480518,5,4,0,6,4,1,0,0,0,0,0
1259903,8342329396942,6,4,0,7,3,3,0,0,0,0,0
1259904,8460062994914,5,4,0,6,5,0,0,0,0,0,0
1259905,8303777812762,6,4,0,7,3,3,0,0,0,0,0
1259906,8136143474274,6,4,0,7,3,3,0,0,0,0,0
1259907,8398937305128,6,4,0,7,6,0,0,0,0,0,0
1259908,8243510588931,4,4,0,5,3,1,0,0,0,0,0
1259909,8455601676366,3,4,0,4,0,3,0,0,0,0,0
1259910,8358021293572,6,4,0,7,2,4,0,0,0,0,0
1259911,8448436100901,2,4,0,3,1,1,0,0,0,0,0
1259912,8425421279885,4,4,0,5,2,2,0,0,0,0,0
1259913,8456861042186,5,4,0,6,4,1,0,0,0,0,0
1259914,8396428910128,6,4,0,7,6,0,0,0,0,0,0
1259915,8464440851937,5,4,0,6,4,1,0,0,0,0,0
1259916,8320053058280,6,4,0,7,3,3,0,0,0,0,0
1259917,8400011693679,6,4,0,7,6,0,0,0,0,0,0
1259918,8403741465979,6,4,0,7,6,0,0,0,0,0,0
1259919,8430158204826,3,4,0,4,1,2,0,0,0,0,0
1259920,8400983990671,6,4,0,7,6,0,0,0,0,0,0
1259921,8469113966560,5,4,0,6,3,2,0,0,0,0,0
1259922,8463151164709,5,4,0,6,2,3,0,0,0,0,0
1259923,8463186243394,3,4,0,4,1,2,0,0,0,0,0
1259924,8205916104494,4,4,0,5,2,2,0,0,0,0,0
1259925,8372297318669,6,4,0,7,5,1,0,0,0,0,0
1259926,8321771492246,6,4,0,7,4,2,0,0,0,0,0
1259927,8412757577666,6,4,0,7,6,0,0,0,0,0,0
1259928,8374796744924,6,4,0,7,1,5,0,0,0,0,0
1259929,8337478662895,6,4,0,7,3,3,0,0,0,0,0
1259930,8454390781226,3,4,0,4,1,2,0,0,0,0,0
1259931,8454374828247,3,4,0,4,2,1,0,0,0,0,0
1259932,8415464543230,2,4,0,3,0,2,0,0,0,0,0
1259933,8454342959422,3,4,0,4,2,1,0,0,0,0,0
1259934,8462805043659,3,4,0,4,2,1,0,0,0,0,0
1259935,8454310844520,3,4,0,4,2,1,0,0,0,0,0
1259936,8335121302425,6,4,0,7,2,4,0,0,0,0,0
1259937,8409002298753,4,4,0,5,3,1,0,0,0,0,0
1259938,8365284153285,5,4,0,6,0,5,0,0,0,0,0
1259939,8455694340579,5,4,0,6,5,0,0,0,0,0,0
1259940,8455728773013,5,4,0,6,4,1,0,0,0,0,0
1259941,8418914045474,3,4,0,4,3,0,0,0,0,0,0
1259942,8288116796308,6,4,0,7,5,1,0,0,0,0,0
1259943,8455739189401,5,4,0,6,3,2,0,0,0,0,0
1259944,8464176458173,4,4,0,5,3,1,0,0,0,0,0
1259945,8455640262604,5,4,0,6,3,2,0,0,0,0,0
1259946,8455547053835,5,4,0,6,0,5,0,0,0,0,0
1259947,8464009154734,4,4,0,5,3,1,0,0,0,0,0
1259948,8492192055383,6,4,0,7,2,4,0,0,0,0,0
1259949,8321053256327,6,4,0,7,0,6,0,0,0,0,0
1259950,8307260851766,6,4,0,7,4,2,0,0,0,0,0
1259951,8346877052421,6,4,0,7,5,1,0,0,0,0,0
1259952,8455562189402,5,4,0,6,5,0,0,0,0,0,0
1259953,8246389708310,5,4,0,6,3,2,0,0,0,0,0
1259954,8503310796682,3,4,0,4,2,1,0,0,0,0,0
1259955,8426169395068,3,4,0,4,3,0,0,0,0,0,0
1259956,8468555320331,1,4,0,2,0,1,0,0,0,0,0
1259957,8400137351005,2,4,0,3,1,1,0,0,0,0,0
1259958,8363511754498,0,4,0,1,0,0,0,0,0,0,0
1259959,8397391080109,6,4,0,7,5,1,0,0,0,0,0
1259960,8399772242884,6,4,0,7,5,1,0,0,0,0,0
1259961,8475316553713,4,4,0,5,2,2,0,0,0,0,0
1259962,8363448233911,0,4,0,1,0,0,0,0,0,0,0
1259963,8363432281900,0,4,0,1,0,0,0,0,0,0,0
1259964,8461979444359,3,4,0,4,1,2,0,0,0,0,0
1259965,8475855221468,6,4,0,7,5,1,0,0,0,0,0
1259966,8418364439167,3,4,0,4,2,1,0,0,0,0,0
1259967,8484299087132,6,4,0,7,5,1,0,0,0,0,0
1259968,8415623499796,2,4,0,3,0,2,0,0,0,0,0
1259969,8363336856180,0,4,0,1,0,0,0,0,0,0,0
1259970,8363320904381,0,4,0,1,0,0,0,0,0,0,0
1259971,8439430192360,4,4,0,5,2,2,0,0,0,0,0
1259972,8381615412523,1,4,0,2,1,0,0,0,0,0,0
1259973,8381609728670,1,4,0,2,1,0,0,0,0,0,0
1259974,8373257097489,1,4,0,2,0,1,0,0,0,0,0
1259975,8363241145842,0,4,0,1,0,0,0,0,0,0,0
1259976,8456381418067,5,4,0,6,4,1,0,0,0,0,0
1259977,8407558160824,2,4,0,3,2,0,0,0,0,0,0
1259978,8381542174272,1,4,0,2,0,1,0,0,0,0,0
1259979,8381584660178,1,4,0,2,1,0,0,0,0,0,0
1259980,8381568708683,1,4,0,2,1,0,0,0,0,0,0
1259981,8418830159823,3,4,0,4,3,0,0,0,0,0,0
1259982,8395075370950,5,4,0,6,3,2,0,0,0,0,0
1259983,8466035761511,3,4,0,4,2,1,0,0,0,0,0
1259984,8345495441138,6,4,0,7,4,2,0,0,0,0,0
1259985,8457692726086,5,4,0,6,4,1,0,0,0,0,0
1259986,8457452735295,5,4,0,6,5,0,0,0,0,0,0
1259987,8481975768036,5,4,0,6,3,2,0,0,0,0,0
1259988,8066905569682,6,4,0,7,2,4,0,0,0,0,0
1259989,8391485389972,6,4,0,7,4,2,0,0,0,0,0
1259990,8326854767854,5,4,0,6,2,3,0,0,0,0,0
1259991,8456672844070,2,4,0,3,2,0,0,0,0,0,0
1259992,8466778893199,3,4,0,4,0,3,0,0,0,0,0
1259993,8440524062927,4,4,0,5,3,1,0,0,0,0,0
1259994,8382271651781,1,4,0,2,1,0,0,0,0,0,0
1259995,8362923970971,0,4,0,1,0,0,0,0,0,0,0
1259996,8362908019959,0,4,0,1,0,0,0,0,0,0,0
1259997,8362892068978,0,4,0,1,0,0,0,0,0,0,0
1259998,8397098195121,6,4,0,7,5,1,0,0,0,0,0
1259999,8402643473232,2,4,0,3,1,1,0,0,0,0,0
